1693
2
1
1
1
4
6
3
9
9
4
5
4
10
15
12
1
13
6
11
7
21
5
3
16
17
9
19
9
16
8
19
23
33
32
2
19
35
13
7
31
26
34
31
15
28
25
30
43
40
3
11
44
9
28
21
18
20
39
4
24
9
51
28
50
48
47
12
61
49
30
22
30
44
57
47
60
19
39
54
62
3
36
55
42
67
77
37
62
84
14
18
65
85
30
23
41
20
14
96
51
77
2
67
25
30
96
4
37
72
23
67
70
64
82
93
20
8
20
12
39
87
111
78
32
79
123
79
34
1
96
49
4
10
34
35
122
98
38
107
27
18
69
53
124
16
145
134
67
100
140
128
128
119
57
50
36
112
67
49
18
104
51
46
118
154
90
105
163
71
140
141
48
22
124
127
48
10
159
77
1
122
58
10
84
142
184
57
129
123
146
118
186
43
23
141
113
110
97
171
195
65
180
152
84
62
69
145
20
152
49
157
129
199
172
25
214
191
118
171
126
83
199
77
208
157
161
33
62
59
204
229
140
222
153
94
144
116
137
180
59
29
173
102
84
189
180
240
240
69
235
85
164
68
210
91
148
46
65
233
252
255
256
135
199
211
209
180
143
128
98
121
207
141
252
12
272
230
249
66
32
177
44
60
285
170
25
237
189
273
142
252
99
218
164
71
21
22
264
262
232
86
201
7
111
162
208
20
123
151
286
41
228
187
217
228
211
264
181
247
210
230
148
60
36
283
111
200
61
70
279
177
104
316
40
262
81
292
223
72
103
325
64
307
316
237
89
106
73
192
314
176
97
25
308
255
222
244
97
87
2
129
57
228
46
160
30
327
204
323
15
240
21
230
305
118
358
86
196
60
138
196
78
136
247
131
361
23
180
353
345
291
1
359
137
112
319
358
200
28
203
342
24
64
298
242
379
122
288
97
374
242
197
249
291
321
160
308
151
357
322
279
394
13
274
131
159
251
397
112
113
89
364
164
253
182
182
87
306
434
323
196
179
221
114
325
91
232
278
354
132
164
274
406
318
135
81
326
412
249
15
433
45
434
109
168
176
424
329
381
341
90
150
138
175
36
33
352
172
85
284
277
94
329
376
395
76
354
406
93
294
204
20
494
247
417
99
399
328
358
223
406
39
503
7
3
445
150
86
303
177
18
133
390
27
449
99
456
145
410
128
332
210
67
154
461
340
114
272
371
168
196
448
156
138
534
217
464
218
284
508
314
404
373
83
203
454
422
73
110
415
66
145
73
345
187
355
92
39
233
507
338
16
351
180
324
352
16
165
101
30
266
517
169
151
339
390
566
492
103
520
85
80
442
140
153
94
437
92
127
120
212
319
522
264
168
266
44
580
41
114
304
447
309
219
548
494
548
279
246
518
356
34
74
589
204
474
364
455
63
548
188
14
15
362
514
260
399
444
488
154
574
489
183
69
421
629
437
86
375
588
342
393
149
560
268
90
365
383
622
41
277
257
490
539
150
458
613
279
515
383
540
655
597
485
38
605
423
55
162
390
31
44
140
544
459
315
193
338
190
148
609
218
99
452
246
408
395
656
529
354
269
301
278
359
497
555
575
218
67
503
573
571
32
668
538
488
450
632
254
49
606
393
596
649
23
652
208
507
396
379
501
476
721
591
696
106
153
593
583
490
731
589
567
522
193
212
267
725
635
424
724
347
316
1
450
598
11
204
709
477
276
689
550
271
748
370
570
451
614
380
231
743
650
329
591
227
681
534
537
198
310
567
388
752
360
494
458
216
172
169
458
591
62
446
531
241
456
382
675
232
788
412
663
283
552
411
642
266
464
371
571
250
50
9
155
724
454
582
267
372
592
420
726
57
587
104
436
99
383
107
608
814
395
771
731
264
759
405
49
218
733
383
169
410
768
676
48
641
85
327
409
832
766
396
179
396
477
295
338
579
816
703
122
329
115
429
497
839
577
731
256
35
364
228
233
379
392
272
662
737
603
129
823
135
113
32
221
166
410
859
44
605
84
480
472
875
252
592
91
151
681
581
10
814
463
745
562
104
58
557
46
330
56
624
131
557
89
586
178
305
241
709
466
219
674
623
49
261
555
889
597
508
41
204
585
767
302
351
732
363
119
426
153
407
28
875
576
422
862
392
120
497
357
676
664
434
58
830
771
683
221
269
353
46
331
941
161
580
165
955
501
679
252
405
23
101
245
893
772
357
778
411
172
263
623
606
359
715
74
9
298
138
145
148
499
314
95
202
5
142
152
970
949
561
194
105
286
184
386
292
820
257
798
55
459
312
973
744
816
855
159
387
82
97
751
55
923
692
431
234
62
501
155
489
980
741
450
121
52
382
401
954
32
381
150
1037
180
53
966
826
236
408
258
433
531
358
95
472
275
416
701
470
339
438
884
410
554
273
504
483
977
981
659
589
430
206
580
2
907
509
121
558
381
966
178
991
369
304
164
789
357
727
450
1076
1020
341
829
879
251
37
436
428
698
553
125
718
359
853
644
1078
228
926
894
14
693
311
628
145
699
912
885
225
665
861
546
311
236
880
495
162
355
159
203
452
1090
335
39
389
809
437
859
523
637
789
217
1016
647
5
564
896
329
400
813
348
1021
382
874
1120
659
440
427
122
692
749
1010
197
1037
21
354
1134
594
506
343
206
329
637
946
580
352
865
247
901
463
1109
473
1048
688
193
87
685
781
880
472
215
978
817
13
135
451
600
303
866
697
151
697
448
205
289
894
114
119
448
669
1004
288
59
567
795
517
892
1060
274
62
58
158
43
986
1073
367
1016
898
114
332
208
733
684
878
493
141
299
590
349
323
1143
1069
629
1196
680
973
453
30
94
377
1068
1068
970
47
1015
536
639
114
311
289
568
1234
698
346
205
1113
938
924
596
1181
413
60
1071
136
568
682
1023
397
151
1146
970
377
1185
449
508
677
801
1039
941
695
139
798
1206
27
857
309
1000
549
278
709
1042
423
612
82
944
947
1204
748
204
825
990
1121
293
1073
856
874
1201
727
270
348
333
100
506
427
542
622
635
222
428
1215
1257
564
467
70
1044
885
1054
1172
1133
83
754
1135
776
542
454
131
1103
407
1098
1318
873
887
987
1192
313
316
71
565
558
348
1304
1059
744
317
201
602
54
399
1288
92
760
770
1040
614
1064
1290
565
738
775
1152
820
815
1224
1148
247
144
1278
560
83
29
1076
162
741
1279
587
853
10
1275
597
508
484
1221
436
1050
757
306
1211
20
851
1346
891
1387
490
851
534
754
1051
789
39
1114
752
995
440
1002
678
1230
1225
853
405
601
961
694
292
644
319
35
378
1343
263
250
1187
733
850
811
1288
930
179
438
881
181
986
571
183
370
598
1001
645
1227
778
1211
1151
228
73
48
287
350
1224
138
80
1442
528
1084
418
844
445
116
195
463
674
200
957
214
513
223
1137
1199
171
755
507
573
376
748
418
1059
1300
1134
1391
435
1105
1095
673
1042
1146
250
1369
5
63
1150
826
776
998
829
990
25
920
1323
1186
1304
900
439
1084
1004
579
1276
485
584
1101
648
216
685
42
362
1286
1324
1392
673
406
932
1204
612
207
1312
671
830
633
845
832
911
997
362
851
346
660
54
95
921
1018
1185
1491
1253
1420
342
479
73
1246
1085
776
1145
1263
829
901
1382
410
1540
125
35
1097
1203
1326
1270
900
400
389
997
471
243
12
309
836
76
594
371
410
1520
75
1003
699
272
1277
1512
259
1002
25
775
1080
377
171
19
1248
1248
1056
1457
1136
744
829
139
1102
1572
467
1368
622
1443
1115
416
418
227
1143
19
1583
1293
319
838
507
1053
418
157
693
1071
771
937
908
193
461
1216
418
452
712
616
1091
771
1204
216
1097
1627
182
452
565
1141
1178
940
846
967
1410
1479
1509
1192
369
969
890
872
1212
1586
1660
1517
277
998
738
390
124
1387
1134
125
1068
406
1205
267
1256
1611
1004
543
652
207
685
1043
1640
1068
1665
908
761
