1311
1
3
2
4
6
6
8
4
1
11
6
4
8
13
8
14
15
7
11
5
5
23
22
6
16
18
24
29
14
29
21
6
9
34
36
13
35
22
19
24
7
2
32
17
25
44
34
18
12
14
14
50
1
17
47
42
49
24
60
8
4
20
18
61
36
17
26
43
30
65
22
46
37
55
9
73
12
70
68
64
15
2
44
79
84
3
61
32
40
46
34
54
67
58
62
54
26
53
97
64
88
15
25
38
81
3
29
35
45
110
89
87
53
112
60
10
31
3
34
49
24
46
18
29
12
124
120
74
116
28
54
17
62
7
103
116
34
14
95
95
52
108
127
34
14
48
146
95
14
25
99
1
123
98
153
56
110
7
122
125
13
109
120
165
136
21
56
64
118
44
2
54
115
149
172
119
143
47
87
37
110
130
169
87
108
74
151
54
163
151
181
141
194
3
38
1
42
145
91
31
68
36
33
45
42
57
35
21
164
205
19
212
155
109
108
106
163
149
119
163
159
152
124
64
24
172
89
41
176
211
77
211
110
162
143
147
56
125
39
142
51
149
7
143
179
192
30
91
38
79
136
42
122
50
160
169
114
70
135
138
258
214
69
10
82
220
257
269
210
51
110
71
66
251
19
221
174
23
132
93
67
111
10
85
77
261
155
75
96
15
50
263
253
238
292
288
93
55
18
270
162
249
109
226
166
140
48
176
87
298
121
21
181
82
122
114
184
215
3
247
33
130
166
211
166
72
200
219
170
151
133
288
213
69
269
96
135
134
102
316
309
284
237
49
17
57
127
48
47
336
116
51
188
290
242
341
254
165
159
179
212
79
67
233
246
95
65
287
359
295
370
322
139
306
285
120
345
94
257
125
15
359
374
95
130
174
379
238
383
300
271
147
36
323
123
82
392
259
275
338
168
118
191
384
161
303
144
276
261
300
109
407
362
282
240
15
133
255
146
183
173
4
215
149
47
99
123
39
348
193
171
23
294
392
433
318
145
309
46
403
101
400
363
29
247
21
96
135
233
163
407
255
414
333
272
156
13
452
64
452
215
36
148
132
418
126
350
73
7
224
92
466
196
56
78
404
187
273
407
389
43
313
54
148
326
419
346
403
319
150
273
309
403
452
118
140
177
119
375
298
393
313
453
463
70
366
336
113
24
449
159
24
18
366
510
125
79
457
352
161
270
78
293
462
344
169
46
135
346
335
46
197
504
434
495
535
128
483
489
422
20
408
322
69
213
131
122
145
473
440
347
183
361
162
158
37
257
267
507
82
166
492
518
214
76
105
333
192
296
7
294
448
507
209
277
380
510
68
420
273
341
514
224
79
82
213
136
358
239
544
440
137
100
511
204
507
411
524
182
190
238
539
492
259
58
197
370
289
34
411
452
53
24
243
124
122
368
252
186
274
33
392
589
443
603
400
377
218
416
159
119
505
431
129
54
273
205
27
293
102
380
399
644
100
591
53
274
7
353
501
558
19
379
175
537
508
485
59
388
635
650
322
589
121
557
235
330
644
655
205
402
166
416
521
34
6
472
180
638
122
671
507
462
645
428
516
347
330
544
460
376
208
477
303
24
381
161
393
373
57
647
29
431
240
277
331
461
149
702
108
609
306
663
555
305
643
57
631
106
629
643
340
555
169
449
501
574
158
356
110
661
721
608
673
589
148
655
397
567
669
109
295
299
692
249
503
148
549
637
366
410
335
700
11
648
43
686
738
3
294
710
689
366
623
394
653
488
512
474
714
180
269
525
103
71
196
589
532
539
492
31
592
142
416
419
685
704
248
446
556
183
576
660
390
269
689
231
373
510
444
587
377
434
59
236
476
352
203
466
27
49
620
376
428
479
727
669
571
670
266
334
237
103
729
23
282
624
458
372
499
445
399
149
87
11
801
750
220
33
255
185
96
628
697
427
516
376
636
112
775
824
498
87
230
381
798
714
173
20
73
801
388
858
234
315
618
127
695
72
582
706
677
559
246
432
327
730
748
209
260
29
450
477
38
200
798
96
834
88
544
472
813
207
563
563
311
882
394
593
627
29
332
155
821
363
700
506
720
379
669
65
744
638
54
195
79
301
125
646
703
463
231
477
82
785
920
841
511
532
349
215
675
612
423
283
659
765
194
484
460
292
372
314
240
576
87
680
809
403
167
102
29
183
331
939
5
693
294
500
606
832
55
137
627
706
264
144
567
324
842
887
362
20
207
615
686
772
243
629
748
701
417
407
37
754
293
180
761
907
613
688
765
357
751
104
637
879
257
992
1000
738
746
372
321
146
441
651
764
502
457
160
537
314
131
592
783
35
354
468
1018
92
627
262
159
399
155
720
425
498
324
813
786
636
665
631
907
260
983
658
365
73
507
39
555
1003
189
355
142
96
232
721
535
460
869
721
897
310
462
405
272
174
791
879
839
526
601
547
265
951
946
1023
711
839
287
706
533
614
62
602
47
494
310
428
190
418
60
960
763
83
801
236
989
395
878
659
647
552
422
477
376
770
1083
915
593
1020
689
522
808
152
1061
985
209
774
953
558
860
246
6
239
578
679
983
581
223
95
559
218
48
142
344
591
645
571
707
499
1099
411
148
243
384
702
8
368
204
163
953
624
989
802
1144
638
682
569
1109
176
1024
842
666
604
1043
987
1104
294
379
284
1142
780
762
1085
1118
181
277
834
862
11
77
499
689
348
609
676
609
1004
196
1036
1022
435
973
37
515
542
239
250
151
491
1087
698
42
1113
1007
676
1193
168
623
602
12
506
300
572
202
960
1062
760
343
806
744
948
527
430
1151
444
1103
1149
967
203
269
661
19
702
926
17
97
142
1083
434
873
1013
94
935
1163
820
505
1089
607
779
712
415
1034
461
418
267
4
540
685
139
289
194
535
1158
25
449
72
443
906
929
567
334
1060
454
436
1241
910
547
1008
1114
639
485
1181
1210
1158
1271
306
291
267
422
340
1263
1031
618
476
84
430
439
44
822
1279
198
182
335
313
118
203
788
600
297
163
500
1084
770
1273
