2728
1
2
2
4
2
7
6
7
3
6
5
11
7
15
14
8
1
10
15
3
10
10
21
13
13
9
14
8
23
24
24
12
13
9
27
30
31
17
39
40
15
2
7
28
26
18
3
7
24
25
48
37
10
35
17
44
24
36
43
50
46
60
64
54
22
7
56
61
70
33
47
51
27
14
28
6
38
5
21
9
63
79
24
79
22
6
70
38
82
29
58
14
37
13
96
51
94
1
9
61
90
82
3
24
28
83
67
73
18
82
1
74
58
80
23
93
80
82
80
121
55
100
49
24
121
28
102
109
7
81
126
58
114
133
10
131
31
137
60
67
111
107
15
110
6
138
26
13
72
52
12
128
38
31
41
15
127
139
46
48
136
6
24
77
106
29
37
3
153
106
136
70
113
116
80
77
43
148
19
83
102
116
129
10
167
137
36
147
146
173
95
44
26
85
152
160
33
18
151
91
196
171
1
19
120
124
120
202
193
141
159
49
54
11
1
166
19
3
105
183
43
115
13
186
108
5
59
145
127
106
205
74
217
44
43
24
98
82
213
186
94
32
216
237
9
210
161
174
227
88
138
246
154
190
14
89
125
181
105
175
138
109
250
79
103
10
213
12
101
269
255
124
198
95
136
87
180
175
132
148
124
125
56
28
266
175
90
3
71
219
49
232
226
253
160
155
143
203
56
181
236
182
268
139
23
274
109
53
58
303
219
136
99
97
129
19
306
9
240
316
181
27
314
161
219
158
93
277
45
125
163
191
298
77
311
80
225
185
174
180
316
75
133
76
78
211
49
19
57
291
103
287
284
64
79
49
307
355
90
176
171
102
324
174
155
84
336
241
91
46
369
251
211
291
373
177
101
252
189
341
210
18
77
286
320
366
342
272
18
229
142
229
209
328
80
252
12
100
346
326
299
189
301
328
156
5
177
253
253
122
57
403
401
308
172
99
326
104
342
285
210
213
416
390
140
233
55
265
424
61
153
22
280
20
97
330
349
39
290
386
281
78
178
228
5
231
26
70
151
5
135
126
93
247
185
114
324
316
57
106
96
225
370
376
188
230
82
260
77
130
458
129
70
354
215
211
176
279
227
146
249
399
51
338
115
336
82
286
9
329
492
452
139
359
50
364
369
451
283
376
69
45
78
338
334
266
410
31
443
476
141
134
38
311
382
279
315
174
134
51
254
174
114
115
191
12
188
475
221
109
264
222
193
440
365
470
188
262
402
519
92
160
257
338
404
402
37
286
11
543
543
188
132
341
436
195
64
364
167
491
209
534
112
369
221
107
82
543
130
450
565
564
43
331
275
487
119
385
373
387
520
553
67
462
51
9
503
53
451
529
4
178
213
291
24
551
33
431
416
328
358
16
357
125
2
594
572
422
470
191
345
266
383
258
487
299
395
85
551
54
340
216
293
316
587
454
463
333
348
403
335
532
264
251
117
117
389
354
543
332
435
575
584
589
402
306
573
563
4
296
246
475
334
30
252
459
47
27
305
340
324
472
166
452
167
279
613
63
108
343
293
76
658
377
385
351
283
62
9
397
641
384
348
3
389
623
332
459
312
382
134
379
36
70
392
90
134
50
604
413
352
590
377
690
454
112
245
403
546
138
117
538
639
10
582
578
468
394
521
327
35
625
2
322
306
485
243
518
529
89
449
35
301
240
60
597
627
369
280
469
742
203
32
535
494
655
552
265
193
272
36
247
156
528
302
281
187
683
164
381
323
516
478
629
642
76
338
504
140
412
458
729
243
453
455
631
323
739
283
518
440
698
596
729
591
555
82
257
421
678
627
206
633
620
553
130
787
654
282
190
653
453
352
799
442
663
630
112
506
275
502
519
361
305
530
789
386
82
777
447
817
640
208
50
171
58
763
328
257
538
26
260
291
308
596
271
510
167
149
177
516
160
79
484
244
752
35
146
455
673
261
608
652
11
205
834
849
260
11
71
289
683
749
205
620
593
696
830
598
230
99
198
58
132
526
230
634
836
771
802
584
868
536
715
226
253
488
786
769
788
77
347
270
735
804
477
184
183
12
226
335
19
99
348
417
21
166
356
621
271
346
818
325
283
626
489
497
862
185
37
756
167
524
793
291
368
93
745
494
451
848
306
295
549
797
492
516
861
686
430
213
158
795
490
809
674
558
85
887
354
671
878
410
32
257
457
754
821
377
809
389
639
487
627
103
689
383
134
424
928
892
662
337
521
217
958
255
878
973
586
203
259
306
35
18
949
454
911
326
230
692
221
345
249
171
235
240
587
771
240
530
681
682
61
69
265
655
418
765
442
797
629
387
508
266
170
411
957
91
486
232
918
410
250
851
908
648
176
570
199
868
847
653
959
627
597
760
1007
328
366
379
957
1026
273
266
536
7
764
998
1000
918
509
499
612
456
394
780
770
858
947
935
446
800
231
472
282
834
681
791
481
616
739
139
181
71
453
263
14
379
970
256
810
257
308
1054
609
880
537
789
1015
311
431
450
857
817
1044
856
1030
488
403
1
854
996
253
862
182
918
510
859
83
1084
140
367
176
898
589
443
416
813
335
478
759
590
204
568
651
1011
589
232
358
639
1086
167
856
228
1001
555
620
384
321
1122
298
460
1047
811
567
1130
132
9
843
691
846
350
893
880
215
228
15
1051
547
1058
1158
1130
855
146
781
251
142
135
312
462
764
1106
530
497
603
515
77
788
443
913
544
382
1071
323
297
574
477
329
520
1073
395
559
916
861
253
857
1040
730
603
768
866
892
474
617
588
836
1059
798
309
670
522
501
80
26
1123
445
865
828
172
681
135
5
1213
1029
1010
534
892
1023
412
368
935
342
106
62
530
447
1003
16
617
940
309
1057
574
1082
522
992
643
786
63
777
1097
799
213
416
1050
48
1073
1209
936
769
322
168
889
1179
380
906
900
350
598
788
601
501
929
395
783
1132
312
650
105
566
472
1
586
1220
34
6
910
776
488
228
1194
408
969
723
523
355
317
926
972
359
512
406
397
133
305
608
877
900
1109
82
337
209
600
117
1315
1225
147
522
1275
863
150
102
845
797
178
1275
1165
417
1051
258
665
905
64
338
1183
787
914
830
241
1180
899
126
709
938
495
717
1099
453
540
997
836
351
370
44
149
1296
1201
700
674
1072
1089
572
1260
1121
609
753
1219
1059
857
754
87
355
1201
854
1109
850
1103
1171
592
514
1180
1007
65
490
680
509
505
972
1290
74
1101
407
631
595
24
32
179
492
43
1175
82
263
1375
239
1066
1384
133
943
867
649
70
1176
188
200
754
587
1239
1298
9
244
185
861
931
1426
690
130
1030
1317
864
876
486
743
794
925
816
584
249
737
374
1171
984
826
1091
192
782
13
1301
1421
1092
215
344
170
1017
170
1115
820
634
697
683
375
1061
37
1126
945
644
502
613
1450
586
1416
649
21
84
1025
314
474
634
1111
284
857
1187
665
130
1035
377
1370
1053
537
1394
454
402
1193
895
838
606
1377
1037
32
1291
201
142
1160
1304
1285
918
744
1062
1224
472
1456
1453
505
507
1411
136
1349
156
1089
1509
657
388
1403
406
165
1393
204
190
247
527
1347
1427
81
518
1504
1296
723
1088
104
709
1411
1448
299
884
613
893
968
760
1171
543
72
677
330
74
184
599
749
466
675
533
195
289
521
1219
1389
814
289
872
1484
775
405
1151
219
1046
244
176
1172
1104
1020
218
1139
431
1158
101
626
1564
522
1202
441
1196
736
209
1164
1002
542
322
629
835
1458
1449
1590
593
391
580
941
1448
517
1006
535
111
365
866
727
477
392
131
128
910
1342
773
1366
696
1219
219
581
1070
61
1303
503
467
369
542
88
1342
1579
1120
791
1622
1096
412
509
1269
65
1609
1346
866
1224
1229
1298
833
925
898
1112
320
1208
1655
751
1558
651
1240
622
538
81
1442
852
666
710
297
1282
1658
417
743
558
1365
1475
1399
925
1638
20
187
733
1483
1631
916
64
1121
1535
741
85
563
509
751
1276
545
1233
310
1011
861
319
72
387
650
779
23
316
116
50
1189
1318
76
1203
847
1099
74
1126
1641
265
729
747
1601
659
735
1469
209
812
1165
612
863
409
1035
1457
1656
828
636
577
252
1261
1693
157
1047
1202
26
1301
701
236
1576
370
1713
206
88
1383
1132
1260
1395
700
1619
35
226
1278
301
43
911
87
1485
1202
385
1760
1241
983
94
481
208
974
147
401
1332
1402
895
407
1059
699
908
594
1216
207
1597
1072
1
29
1641
1004
464
1055
677
398
1759
159
1534
1605
1548
597
1090
930
1646
740
792
984
1225
1195
1450
1117
586
938
1349
782
1436
377
1706
760
459
1041
1081
545
1770
2
1008
929
1393
276
502
947
1373
1780
586
899
896
800
1776
109
555
784
1453
1039
1140
1455
687
1817
831
1244
936
120
448
1183
1011
725
645
1596
1579
1421
1430
1340
34
820
1482
700
299
1489
46
1359
1283
152
1454
925
1410
1559
833
457
1002
1709
1308
1197
612
1509
726
586
1132
1072
1177
362
777
1348
226
1064
537
1339
148
66
1360
1766
1679
1544
704
1122
178
1001
1057
1695
1117
1648
838
816
1026
691
921
37
1229
77
905
1543
227
573
1177
1246
952
1012
973
765
1274
1412
1442
1457
1844
1653
796
1415
886
685
577
18
1800
1588
1354
172
1272
1499
66
319
1888
87
1715
153
647
1746
990
375
1225
1739
684
1155
1653
1537
682
272
252
334
659
1237
1562
984
1672
94
32
1607
761
317
533
415
1768
1751
735
1654
1163
784
625
590
666
1560
29
1511
310
1347
1223
1024
1279
310
434
91
1956
1859
569
1649
761
1428
791
218
1196
416
1326
643
1476
912
823
1288
265
107
1673
1587
1488
1412
382
907
1954
596
1699
268
869
363
2022
854
1044
533
258
266
1075
1745
824
1869
817
1062
1360
210
505
1998
333
749
625
978
642
103
859
2021
1902
609
255
1335
1135
1088
439
219
1610
443
132
279
465
578
586
1389
735
1489
86
1158
804
1871
570
44
419
1561
1465
275
1726
428
1179
1988
962
486
739
463
535
1339
640
227
1645
1114
312
1780
795
512
1086
308
1566
1385
1339
1938
1217
1730
226
1625
1013
529
1312
668
642
1236
756
1216
2080
253
1147
1198
1923
1905
1351
690
1976
1916
1030
1661
705
1285
717
1833
1544
263
1053
1060
1633
919
1746
1125
2018
879
124
1237
1994
503
449
1385
624
1790
1512
786
1487
1615
797
1814
1634
2071
1181
1383
1947
1626
1886
1768
1290
566
1069
1038
404
585
1055
1396
167
1595
70
793
1815
661
1786
633
1079
516
967
668
26
24
1029
932
2185
992
251
1577
872
92
460
1506
109
1903
1015
1281
509
54
693
1951
1690
1267
1506
762
1260
970
372
88
1143
101
1802
532
1456
1726
394
210
1145
158
1280
348
637
331
135
765
47
1938
1609
1469
1629
1098
1987
402
1956
990
1254
169
666
1569
1335
1237
210
1427
1734
759
1756
785
1248
438
523
2105
578
1244
160
941
830
768
1799
1349
1037
1111
556
147
702
1420
2024
955
1331
505
1324
1200
115
2183
1934
1670
603
764
692
1524
1542
1983
1716
1199
373
1086
1719
1506
1416
269
1520
1635
959
2282
129
816
618
777
1046
1871
1986
681
300
2086
761
1944
1074
1459
1575
1645
414
1037
951
1975
38
828
161
1731
548
546
1708
541
631
1209
223
2310
1579
348
1960
1546
279
956
119
939
664
1738
1453
203
869
1154
335
1034
1241
1962
1179
486
2006
1638
369
11
1895
92
1536
329
1285
986
1656
329
83
1811
1008
159
567
95
979
1011
2231
552
308
1727
1230
603
161
549
1203
1960
964
1725
937
1367
92
1677
939
631
1783
1052
1966
1661
997
618
1080
567
1623
259
826
278
509
1480
1337
1448
1320
392
1107
2370
262
1791
1111
1003
1231
722
1452
1303
2322
2117
1167
746
1464
2196
588
463
592
2103
1955
1841
1033
950
2374
875
1038
1827
2183
1173
1843
891
1328
1382
2259
484
671
2306
1625
261
689
24
2215
2153
1698
21
946
2215
517
1744
2361
1916
2043
1478
690
130
631
1395
856
1473
1038
614
1714
1806
95
1178
128
120
246
358
1532
359
1724
956
877
1685
2481
56
1090
284
1259
1370
2353
1849
1721
163
1599
1266
1123
1857
2239
2280
930
1951
634
2273
654
69
2378
403
1768
705
1850
228
1333
2114
1843
1436
496
922
1116
598
1141
1360
1679
579
749
1458
1805
1684
1344
1489
448
1465
1973
791
1591
2384
1981
359
639
1349
868
599
1874
1388
114
137
56
1226
296
2036
967
921
1919
342
1226
2033
2500
1550
2455
1431
1236
663
49
2119
170
42
2394
1787
408
2112
2554
2248
1990
1624
765
22
1465
25
1349
1028
1097
1128
1749
93
8
155
2353
1780
262
1753
2408
1166
20
1870
461
924
1854
1408
1314
1938
1289
309
1971
343
1171
2149
470
1036
2273
1508
1343
115
1955
1438
1585
108
25
2019
1427
2301
2436
1416
1149
1755
403
542
2170
528
307
715
2238
2247
1770
1055
2377
1634
1253
1229
1162
132
1806
821
19
1504
2318
677
2525
1586
1587
1186
336
2171
366
1933
1903
1396
2555
1366
88
268
981
2318
666
294
179
1869
2338
1798
1946
2394
2611
90
440
1022
2202
1509
612
370
643
64
2348
116
1247
1459
1430
385
178
2452
1485
2549
888
1930
363
321
369
2605
2294
1811
324
2603
1535
2580
1090
1855
745
999
1201
1678
710
2253
1165
1242
720
550
461
989
2048
1306
2097
1796
2042
1219
107
506
820
1909
2713
1929
594
1250
678
639
