3953
1
1
2
1
4
1
2
1
4
8
9
3
8
10
16
16
10
3
7
18
11
1
9
13
16
3
21
14
9
23
9
2
25
9
29
23
23
19
19
6
37
35
27
20
5
21
9
40
42
40
10
39
53
1
46
1
27
4
58
52
37
24
24
40
21
27
33
22
24
17
1
1
72
56
38
75
62
63
15
73
43
18
37
44
9
21
18
62
29
56
43
31
73
41
58
69
57
7
82
22
60
40
49
29
103
58
26
45
6
66
28
46
70
14
59
39
114
59
110
114
102
86
117
95
94
66
69
45
69
131
13
81
35
107
103
39
83
90
23
9
32
123
91
122
65
86
44
30
96
57
145
100
137
45
106
37
29
44
64
161
77
132
41
56
129
76
81
21
64
130
109
77
57
154
130
163
34
112
167
99
146
75
44
74
142
70
14
79
155
40
57
152
102
80
27
79
25
4
4
30
42
49
201
129
163
188
155
99
40
67
39
87
41
26
174
57
205
26
139
25
80
45
102
197
105
55
169
162
142
148
121
145
15
165
218
30
34
212
47
192
201
174
218
140
71
12
226
97
203
68
160
86
235
137
34
137
87
74
196
142
27
108
7
246
41
136
235
12
190
88
267
51
237
195
197
19
47
45
12
187
47
93
78
155
100
35
236
182
81
182
15
271
246
241
67
158
254
125
253
218
142
186
286
159
180
239
102
86
147
183
213
163
41
149
230
180
175
54
253
96
292
84
117
251
64
12
273
130
121
166
71
85
324
45
155
87
289
168
195
140
329
343
323
214
300
261
258
302
57
40
242
329
338
280
189
57
64
160
3
116
199
117
50
240
5
147
76
366
27
152
288
263
89
32
354
173
308
66
322
179
331
295
63
268
336
363
315
172
365
227
235
280
1
222
360
149
364
285
107
71
225
344
95
309
102
218
338
118
78
389
214
375
61
138
241
322
77
106
388
251
337
149
241
424
107
113
187
119
82
338
107
277
177
346
29
81
243
161
99
94
351
44
145
2
322
434
101
291
169
134
250
416
85
268
9
420
292
374
198
95
128
112
270
355
318
363
84
51
120
67
45
325
238
54
194
260
459
219
255
334
113
369
395
333
357
152
31
311
250
262
454
490
403
174
375
424
322
367
72
494
272
407
237
200
403
334
272
479
200
106
110
398
476
65
438
315
510
162
264
137
272
7
151
101
51
483
193
8
252
503
304
302
304
330
138
345
120
441
422
185
149
452
414
357
258
526
495
283
313
181
543
339
39
395
161
99
292
56
160
456
232
420
282
261
224
106
137
326
432
358
468
38
401
525
516
562
262
100
99
298
310
167
326
517
132
374
335
158
223
494
530
280
307
404
272
83
597
561
244
495
87
272
384
324
586
288
286
564
195
208
199
93
315
171
419
61
254
188
464
278
400
313
602
411
238
372
132
399
252
487
496
381
285
6
562
95
399
177
111
482
54
71
535
614
349
427
249
209
267
10
407
17
530
537
529
173
503
523
633
148
131
114
509
231
174
157
248
270
133
472
377
520
244
33
114
600
663
328
550
25
651
57
663
84
12
684
167
488
646
168
72
224
621
451
410
194
672
585
617
612
11
482
2
472
470
182
96
201
128
626
684
687
83
591
352
357
160
26
396
261
674
158
524
35
658
549
71
242
63
9
214
148
437
709
197
605
384
49
449
292
129
436
53
670
399
255
76
282
283
460
554
717
485
26
488
751
723
473
414
431
581
732
508
12
585
544
137
92
453
306
256
300
211
546
19
417
513
755
426
680
638
609
457
590
708
468
113
417
448
238
217
56
31
511
287
114
363
774
107
502
634
466
42
736
97
499
651
399
268
202
29
369
775
257
417
808
414
184
497
417
326
408
204
231
481
497
626
643
102
798
511
373
418
693
684
43
247
690
24
645
758
417
164
2
746
207
333
643
438
616
193
332
788
313
613
216
670
210
477
122
562
365
677
207
705
747
622
108
164
281
615
341
71
826
119
146
404
498
824
804
379
871
756
249
70
605
736
209
59
393
250
163
21
455
113
350
405
106
408
279
874
902
866
785
137
19
677
103
679
722
33
450
719
551
759
744
383
699
635
121
816
293
419
570
125
68
42
487
346
597
152
805
495
612
680
114
194
834
694
355
569
936
780
244
878
746
122
309
224
266
591
131
616
312
108
585
857
78
931
762
848
830
118
449
690
917
958
911
740
902
795
51
623
101
159
111
270
332
494
117
247
945
302
496
790
403
981
396
118
736
33
730
581
346
511
773
376
74
562
816
208
977
684
338
82
481
347
827
299
296
625
427
76
820
893
246
973
312
101
701
704
509
483
721
755
491
654
181
694
490
264
22
106
94
441
393
578
482
197
108
939
825
86
935
847
24
61
239
312
305
608
459
163
226
249
625
503
35
579
23
516
669
718
90
89
87
190
969
820
8
231
35
770
926
207
880
413
550
487
59
905
481
856
346
451
740
910
126
676
345
958
163
433
686
11
1033
115
1065
243
159
1051
451
556
246
202
770
997
339
60
169
1005
992
191
473
203
22
99
590
727
839
1105
174
129
548
700
73
411
799
286
27
915
478
492
922
326
803
1035
76
897
394
1084
427
189
936
784
271
463
1122
721
629
582
876
330
3
396
955
879
300
373
251
1058
840
615
257
466
485
636
810
363
929
413
1154
605
195
989
671
563
1124
551
1022
408
575
1079
1161
23
389
923
1016
921
860
236
407
279
933
407
1142
483
610
977
148
1104
773
350
286
39
565
167
631
924
444
955
151
777
205
844
601
310
894
633
452
282
967
153
579
278
542
238
992
35
243
1010
483
420
289
828
646
946
705
769
972
767
966
1127
705
802
1244
879
405
1124
648
34
425
426
498
394
392
1075
654
213
520
622
839
710
873
414
83
1246
149
508
1032
707
311
615
93
186
241
1240
1103
594
1053
926
1062
662
161
783
759
1188
414
1060
92
985
175
1
228
981
1187
521
560
145
1143
375
1143
854
360
255
149
883
405
899
1194
144
1228
1034
1032
602
1077
1216
127
773
511
500
483
1191
443
777
684
926
867
418
238
892
304
1156
324
1184
1128
963
1129
858
707
812
1163
185
293
1137
270
1292
1177
8
535
556
503
471
554
197
481
345
1162
953
1223
172
927
340
1106
186
350
579
424
720
1197
62
1040
57
189
1348
938
1020
715
1112
965
169
865
253
376
848
1150
446
402
324
1017
687
1039
978
851
1261
809
140
369
997
157
278
622
980
548
991
993
413
855
822
397
1090
1249
951
766
170
841
224
490
736
1392
1218
1248
1066
529
174
913
355
1081
1399
753
833
464
1184
888
1244
1069
790
888
156
311
801
879
1264
778
1332
1330
166
542
1138
525
371
959
932
331
359
1373
922
625
449
332
1153
840
1174
799
871
361
547
877
174
482
1445
736
1165
763
1093
802
156
450
999
264
544
1134
680
151
648
1274
536
1349
8
576
574
285
140
1039
1069
652
835
630
1189
1324
177
1470
1332
595
940
801
97
1425
803
980
1307
300
324
795
813
481
1438
262
274
811
914
1422
1059
848
463
1395
1344
242
181
552
154
1314
520
421
1319
747
355
115
818
1445
158
1204
408
1183
553
560
1366
1261
1313
709
725
1231
1011
1133
1469
585
621
566
709
1262
1465
87
55
425
1424
1490
904
944
1474
1127
1214
807
466
462
39
1176
161
931
425
572
523
1198
1315
1333
1440
892
448
696
656
16
371
810
392
967
1494
479
381
1
246
691
1297
1247
1359
514
13
130
78
949
244
502
1431
438
1446
1364
817
435
442
1209
1492
1053
1521
194
468
1328
1429
1573
1474
430
228
1190
148
776
71
1241
890
4
339
1060
803
608
400
868
1594
12
53
1345
579
796
358
737
174
1281
272
237
1412
1125
1600
220
1133
1013
206
714
1552
1246
1316
299
636
56
1235
812
205
1623
246
1031
1418
851
755
499
1474
661
814
1598
597
160
161
1156
1218
1252
1094
68
1368
795
362
1034
647
200
506
135
1421
1286
668
1637
1075
841
1181
672
1646
743
880
1678
247
1404
228
1645
499
1112
909
166
337
692
206
890
1048
1219
91
1181
1010
1021
754
1567
1022
1319
1659
460
1274
481
623
239
205
1653
1393
118
1204
1393
1377
501
151
624
1470
1258
110
889
592
456
768
756
531
834
1203
1241
841
371
980
1627
476
1322
647
1361
1298
1464
1688
1452
423
1524
1185
921
1068
1151
876
291
1226
885
478
1353
1232
1312
1085
1700
864
1217
707
932
383
1488
193
287
1775
1433
1327
371
72
797
1429
43
1115
932
1073
1299
643
1494
1126
440
488
1554
124
414
1071
529
342
782
1120
464
56
771
499
824
1258
1093
264
196
1581
269
1168
1364
1739
1394
390
1069
469
1740
1416
402
1341
538
699
135
1290
489
85
1530
73
618
558
47
584
402
717
40
1497
1079
1708
1414
107
1177
1520
1333
395
1666
873
349
1203
1830
1612
1421
7
28
1568
1230
1762
794
975
1123
526
1088
1760
1104
906
1557
1571
412
1523
1553
212
1881
31
1049
1183
322
353
1873
407
557
966
375
837
313
1130
117
1313
234
1611
113
1590
798
1663
579
4
1715
1454
1372
1181
739
1816
1734
451
1787
912
397
1383
1616
392
912
1346
758
636
380
773
1762
1574
648
625
1410
355
667
1712
826
1844
1506
1813
564
1905
116
1366
1539
1837
1339
796
1943
1269
1629
1611
482
639
1367
1108
815
290
118
1108
1224
768
1354
38
200
658
1109
301
289
1547
1928
241
103
744
1144
1143
1856
1126
123
1191
832
253
830
1969
1204
1677
492
1318
1634
657
113
941
139
678
1042
841
1869
1366
1761
186
59
567
1109
835
895
1570
1968
1896
931
1881
794
1925
324
997
1995
920
571
20
1813
1773
1019
1977
766
1872
140
1649
927
1580
1481
1891
1779
2042
1492
2017
666
1334
1526
541
898
805
1302
167
1050
1907
1208
924
1612
688
1425
1344
1884
12
1204
1357
1469
334
1374
1576
1328
295
1697
257
907
817
1065
1487
336
780
171
1019
1427
1414
2058
547
600
709
946
752
1276
831
2016
1976
119
1474
1303
1881
1837
1657
1625
160
1090
1959
1379
792
2034
1053
194
1885
226
1964
1722
1139
604
912
1528
512
47
1413
2061
923
1160
2094
1774
611
298
868
161
137
666
2045
790
1593
1971
1731
111
1808
1087
1943
859
1430
884
526
751
2088
1141
369
2125
1538
324
2090
626
519
767
2105
624
147
398
1646
2060
2133
962
309
1411
422
1339
89
1711
679
882
1466
2037
899
107
505
140
323
154
1974
1424
103
779
684
1059
656
2090
708
1063
1447
1763
518
1143
2006
408
437
1312
1019
2042
1998
1908
2001
1968
2009
991
1180
2089
308
874
1809
1482
821
204
35
1670
20
406
348
1772
1272
316
456
336
118
1176
962
1565
1938
226
1313
1335
402
414
221
1204
1834
1407
1045
464
1652
973
167
1374
30
248
84
351
1792
559
2135
1795
1834
342
1202
129
649
987
1499
1056
921
67
1311
561
1807
44
1538
1757
2032
1637
2011
45
128
1986
1106
2066
140
1551
424
548
164
1707
870
351
24
1621
735
131
1293
48
127
1679
2269
1957
2149
442
80
203
1144
1904
366
1175
2236
1831
1510
1333
1821
1580
515
1329
584
1676
1492
1600
1930
2038
1128
1629
1961
1757
100
1579
1250
1626
222
1242
1477
1404
133
1466
136
1765
1415
1831
1869
1070
779
2097
595
378
2337
1728
674
1364
14
1480
432
185
1361
612
2129
1338
1590
1958
1490
1404
485
1569
1091
793
1234
2040
976
1083
342
581
1458
926
2029
2106
329
99
612
1338
635
1451
662
679
311
1031
1766
1563
1126
2344
1490
922
1461
423
975
2335
745
385
2249
1055
695
1609
2392
1364
2246
1483
1106
451
1242
1133
563
1216
1050
732
521
939
781
1014
1644
1360
2079
2171
1763
1735
1005
1104
2379
1515
2256
1603
1897
2391
1599
488
1939
1015
2081
688
124
323
2092
1120
1448
1316
132
2098
902
527
1451
890
1064
2336
1224
1468
27
2251
1541
2246
1519
1044
581
373
1498
1496
393
606
1717
1742
2112
1572
1540
8
2037
233
749
78
2121
877
447
2378
450
1298
1377
591
2328
171
2009
316
407
2290
874
115
612
1010
2104
398
428
1525
2002
1761
401
1786
2100
834
2342
668
1694
2419
773
1712
1306
1884
597
99
111
1424
1665
1845
180
120
1470
552
1662
2425
1988
954
560
199
1487
1098
160
2273
987
466
543
1498
2121
2186
951
1850
1296
120
2050
1623
256
1820
1924
138
871
676
1989
701
1445
2178
2045
97
793
247
1627
682
1337
1926
1304
1787
1231
532
426
2320
1124
51
1758
6
1720
700
1995
845
2502
1161
1943
2529
2035
2217
515
845
1245
1646
1802
2080
238
2229
104
1660
1090
1744
927
1198
2351
1699
1350
999
1158
1224
1882
1969
1567
522
910
358
2191
1087
178
1899
1344
1950
1494
241
867
734
562
983
1592
801
1933
1283
1844
2530
1636
829
846
804
2235
2440
51
1559
169
742
1133
1695
528
1154
269
419
2289
1400
1895
252
1655
1462
2281
2134
1386
1516
2469
2232
377
1986
59
974
327
477
2645
2037
1602
1163
2642
208
1731
53
398
1092
2022
2371
1697
425
716
1630
2590
543
1554
678
1274
149
344
1354
972
2204
2031
387
2672
2459
2520
2246
2435
946
750
405
1325
838
2432
1471
879
1286
1415
2399
2370
1565
1051
2481
2669
2032
1088
1314
700
1174
279
1896
1377
1129
1652
352
582
445
1956
1239
1071
1158
2692
1182
668
1588
2094
636
869
2442
2391
2334
734
2100
1420
536
743
1991
553
2650
2141
638
2112
1161
1327
448
1723
1253
2162
2317
88
2528
325
1751
1211
455
2607
1832
1643
915
2351
2
1674
411
870
1782
2495
2035
1291
965
905
2385
1968
2410
911
739
1450
1949
1028
1366
589
1318
311
1579
1758
2569
2651
2224
2696
651
1077
1509
641
1424
916
869
1410
763
353
2211
2341
199
1475
2092
967
2409
1779
1974
1190
2028
542
206
1901
944
1753
1974
1715
2781
2509
139
1889
902
1774
1298
356
105
393
1961
2332
2542
1549
409
1082
1757
2248
218
2630
399
2371
2181
755
109
2655
659
2237
1567
2640
1195
605
2459
2757
2503
1651
1806
436
835
1770
1206
2645
674
1897
817
470
2249
2398
953
662
2190
1638
1439
1388
1966
318
1165
1312
1679
2260
825
739
1235
2395
64
2320
1882
1752
1018
2410
2781
1707
2547
799
2499
2650
1686
2186
1890
1407
1271
1528
1589
1477
183
1253
1975
1746
2334
519
2650
327
1549
1028
2474
149
343
2536
4
1084
1808
1746
275
2514
1457
2118
1892
2887
431
98
2405
1999
837
116
1166
2207
592
2433
1829
726
2325
1291
2272
1137
2730
1715
21
1054
351
2200
1344
303
1993
503
2841
2839
626
935
214
976
1924
701
1664
1445
816
819
2821
2095
2424
400
1185
2121
1122
1104
945
1883
244
2582
2041
2465
2533
1211
2405
1140
398
2060
2408
2696
2260
1003
1706
2179
1107
2412
2417
2453
493
1784
1373
2305
2945
551
349
720
1562
1300
1191
25
714
769
338
23
1944
1644
2820
657
2045
153
2531
849
1165
2280
846
1285
1964
2914
1445
1663
355
2791
1429
2040
2591
755
1639
606
881
1345
2378
2832
1023
50
747
1061
1502
2331
1844
742
2280
1099
2360
2229
2971
2588
1290
921
2311
2864
849
1360
1483
1974
638
64
1914
2708
2416
154
1091
2373
1334
2078
2921
192
428
1750
279
114
2809
799
438
2162
2319
449
2498
2025
2963
3058
1749
1736
1348
2640
1503
102
2070
924
2395
1387
1767
3034
2572
1596
255
169
2564
2402
261
401
1577
2252
1186
2080
460
998
279
768
2626
1237
621
2501
2889
2401
1193
2444
461
1338
477
2876
2787
2988
1236
516
788
1854
1357
1956
2534
197
631
1474
2600
612
1963
2542
508
437
457
758
2005
1750
1850
2499
3078
2986
2844
1554
70
1905
1616
285
1832
1189
2406
2513
1884
1990
1447
2763
1803
2166
2733
2321
2353
1638
878
168
2196
2327
1217
298
2401
496
2889
1675
1186
130
1725
2837
2970
2606
371
2518
2404
117
2094
1872
386
74
2937
1904
2318
1194
2523
1278
2588
333
289
1046
2056
801
1717
2447
2898
2564
2024
2891
2537
350
2411
1724
583
463
8
1322
1180
2962
537
935
2556
2213
1129
3142
1500
1565
1284
2427
482
1954
2731
2314
3225
2219
828
625
1053
477
3172
2435
2307
860
844
2066
2202
880
2427
2891
438
2149
454
1739
1352
1596
3113
2426
2328
1590
59
837
2991
2294
2735
1997
2626
1954
398
1009
1024
1999
1089
1983
293
2008
2694
3153
310
53
199
2701
653
462
525
99
3064
2891
1078
1105
2675
1651
1803
681
329
1878
3110
2352
255
1201
1970
2457
1450
287
2392
375
2217
1963
839
2615
878
1859
2978
226
1373
739
2798
2013
3154
2941
693
2250
1654
2251
1180
2750
2836
523
1370
1960
858
1136
2413
2972
3310
1363
2668
3327
3108
1408
784
2770
747
2291
2927
2757
2251
518
2342
2273
1716
2675
2785
356
1375
3261
73
1052
2443
3273
1586
672
2125
2570
845
142
2021
68
2549
1487
1556
2653
431
2064
23
2681
812
1899
2066
1692
1261
3203
1200
340
3022
830
2168
73
2920
2390
3321
3045
2301
1257
2059
3161
1839
3070
1492
1507
1494
1812
1813
1243
1499
3099
3182
1855
1776
1681
3345
3063
1792
2395
1954
2284
1941
1849
1155
158
218
3150
2949
777
58
1224
1209
1217
3161
2467
1140
648
274
1110
1390
1255
2342
2408
1979
1177
1706
2145
2005
2115
3262
469
2857
2184
366
913
1961
3310
1461
1344
2954
173
2837
541
1521
1024
790
1008
1171
2510
1367
3378
2620
1047
1684
1959
1912
138
1886
841
1377
3079
3101
177
2698
127
1297
2056
1298
3295
2572
638
1281
3041
1535
142
3166
2726
199
2013
2126
726
3070
50
2956
982
968
685
7
292
3175
1012
1907
220
1325
2768
2780
707
2916
380
2912
144
3422
2598
1871
837
2818
808
1970
1248
248
2432
3312
65
3091
1138
2986
2579
3399
1280
1052
3330
390
2129
862
492
3074
1377
2940
496
1837
2815
77
1154
1837
1560
1181
1485
2893
2997
1472
71
3308
2127
2694
2578
3508
2338
211
152
2258
2066
1021
692
2441
3142
2090
2418
1999
2309
1602
2095
471
3128
1291
306
890
3286
1587
1733
863
3415
3392
3427
1405
1335
2000
3250
2839
96
1617
2251
2134
1719
2720
46
3078
1213
2492
1706
1430
310
1024
610
1596
1269
2704
1060
266
3228
3383
2672
1943
1359
430
2643
2956
1561
148
2677
2313
1829
3575
3016
3257
2823
3430
604
1324
784
1154
2866
1528
3340
2874
1230
741
2877
1551
1755
1580
3589
1652
3535
466
607
384
3100
2545
3113
2878
2951
711
751
592
2696
3545
2216
2139
360
5
923
1986
507
3068
1925
121
3239
2277
1023
2063
1792
729
2973
1274
2430
1035
85
2552
1816
890
708
3410
1215
2625
3659
3575
2919
478
1097
2984
1914
2494
2651
2971
3236
3321
2176
985
2007
998
1974
2318
2482
2485
1450
1485
553
2503
3073
1757
2054
2798
479
1951
2889
2504
798
3461
1638
3544
2992
601
2242
88
2331
3024
1543
2499
1080
3291
2541
3714
2748
3683
3561
2876
2910
2181
3342
3381
1723
2502
1429
216
3142
1901
46
2018
1451
1821
2799
36
3586
3416
673
1702
3032
875
8
926
1495
1011
2883
152
740
218
800
1292
2711
3006
3319
1837
36
1970
1616
491
1611
887
1762
2289
2987
2581
2485
961
970
1276
2207
2977
127
305
1859
665
933
3225
2734
1324
990
1691
2
1611
3697
1604
2697
3677
2435
944
1230
3591
706
12
1315
222
1521
3180
1554
1383
2442
1194
2228
354
388
3244
3482
2145
1579
3329
2557
2900
1287
1536
2854
2270
591
728
3298
2011
2472
2796
2460
2331
477
1521
3659
532
3294
425
39
1073
2842
1731
2155
1230
2310
1752
767
3786
2174
1419
2408
1417
3386
2945
2245
3537
91
3645
1948
215
320
16
3069
1676
1897
3303
1861
2697
1240
2247
3058
3669
3708
607
1587
1660
1825
1450
3174
3848
1657
2576
534
42
3047
1195
637
1086
3485
3038
181
2167
1262
1459
550
3309
1266
3267
2074
1116
390
1619
680
2979
3034
3038
1713
175
1345
3021
850
1959
714
2831
1678
210
1203
990
373
2859
3298
3370
2651
2595
2871
2092
3171
2733
1855
665
1668
1015
829
1640
2041
242
1076
3157
1932
2523
2573
2336
