1108
1
3
2
4
4
3
6
4
2
5
5
12
12
6
4
10
3
13
3
2
12
20
13
25
17
7
4
21
8
12
3
15
2
10
36
36
23
9
15
27
7
32
33
13
46
37
42
47
1
38
11
22
41
34
29
50
49
57
19
21
28
23
4
44
31
51
37
9
36
46
31
36
14
66
38
47
13
72
80
25
77
33
46
3
71
9
45
68
77
23
86
61
63
56
6
33
28
48
43
25
67
50
15
22
57
79
21
98
91
42
67
54
95
18
23
42
102
74
21
59
115
29
100
121
32
86
78
21
99
128
8
130
39
7
94
30
69
114
80
57
4
25
115
82
102
16
95
99
148
56
120
35
10
63
142
103
20
40
14
84
131
101
10
63
71
102
51
31
57
5
32
80
56
61
120
163
134
8
28
49
101
145
37
89
129
183
109
138
17
100
79
87
15
74
123
23
128
98
67
129
66
121
203
172
153
129
185
171
86
32
105
204
107
115
86
87
58
76
17
169
111
79
66
147
104
121
17
101
217
80
93
204
139
9
189
91
7
78
78
133
120
199
22
120
157
88
189
74
211
184
143
221
133
14
45
186
188
5
192
85
148
22
224
21
148
192
130
191
235
49
155
115
270
123
116
63
187
81
42
170
142
126
64
97
213
83
159
6
220
137
203
148
20
32
3
251
23
75
22
252
15
242
179
177
82
252
67
159
242
5
261
304
191
280
104
237
53
14
73
169
106
234
234
37
195
229
219
138
41
241
209
205
322
6
310
174
47
295
239
172
259
271
175
24
57
243
245
174
214
276
75
241
103
86
6
233
195
257
106
318
334
75
236
274
19
194
252
345
144
127
336
193
236
139
220
288
185
234
9
323
259
329
34
72
86
311
76
119
383
136
152
127
303
179
19
356
113
348
197
115
397
265
274
172
322
130
73
105
131
356
324
158
349
339
155
38
85
264
334
286
286
336
112
382
200
264
262
214
384
2
386
82
417
130
62
226
116
72
4
9
340
7
238
374
240
103
101
394
325
419
247
259
97
412
383
307
438
340
97
350
203
299
186
240
340
49
220
428
340
98
178
155
373
249
65
456
413
414
232
389
10
304
3
41
250
443
242
276
188
392
447
164
198
168
92
146
284
123
203
277
411
54
4
372
469
117
296
101
346
379
365
220
273
169
515
100
502
329
49
373
438
508
425
450
54
522
84
385
32
149
59
218
253
293
261
44
423
248
103
261
105
332
173
382
299
547
83
334
473
383
338
536
360
317
261
326
94
467
522
404
107
182
95
333
426
399
165
356
370
18
504
265
440
475
195
210
213
238
9
256
340
189
412
298
81
164
188
211
99
190
183
193
154
579
225
223
12
279
211
495
511
515
427
247
176
387
24
216
135
586
358
572
283
80
164
81
125
293
378
212
121
321
586
333
44
162
285
483
126
445
604
138
141
344
109
88
567
321
345
278
54
93
8
497
161
429
141
515
576
295
134
322
98
222
186
297
419
51
477
174
9
651
436
5
144
223
466
467
360
182
171
168
309
48
204
283
416
178
412
505
584
223
657
319
293
473
119
303
420
220
624
519
274
560
304
219
551
133
316
185
198
295
152
662
593
225
681
73
579
415
41
547
184
151
76
436
270
225
254
584
78
672
327
607
425
249
151
195
32
356
288
655
427
617
303
287
97
138
188
639
112
82
110
625
725
366
726
286
96
532
24
65
625
648
705
604
288
226
496
436
80
86
202
464
400
620
245
581
306
700
167
511
716
739
645
199
560
577
132
60
736
289
201
659
610
251
161
772
307
427
52
514
636
336
696
742
669
784
603
508
647
69
419
416
378
253
228
282
218
753
31
663
716
565
519
175
624
313
333
590
767
743
58
685
781
149
498
275
698
568
816
437
287
206
830
324
610
421
252
156
671
682
297
130
341
649
802
477
561
799
726
573
232
334
288
662
751
650
745
577
127
809
479
645
147
511
720
303
34
560
316
224
809
316
61
71
838
153
353
824
858
652
837
589
418
600
127
414
488
821
526
686
871
217
645
427
132
77
454
229
150
221
575
81
285
448
346
554
178
406
492
25
578
284
528
491
474
844
66
734
571
859
177
651
355
401
421
150
914
652
838
881
562
446
389
2
556
378
93
28
912
236
162
164
645
255
532
917
406
352
252
636
916
455
107
598
401
455
782
684
951
610
410
327
395
473
74
73
390
325
913
524
801
474
518
898
99
12
487
656
161
489
351
188
562
519
223
278
468
963
142
241
392
641
946
162
226
869
232
254
20
412
937
92
849
608
591
587
518
910
77
437
380
584
543
82
675
649
505
83
595
853
9
531
87
594
133
985
314
815
651
619
288
60
586
851
577
592
442
347
21
479
288
253
279
766
627
74
704
442
281
95
135
661
24
26
1052
572
1007
160
395
503
550
660
735
576
916
379
223
1071
475
235
135
324
430
140
1017
438
290
183
1065
530
206
341
683
1074
270
425
870
1051
248
61
769
471
777
561
83
611
254
215
1024
909
948
1056
361
1073
198
