379
1
3
4
3
5
4
4
2
3
11
7
12
13
8
12
11
7
13
20
21
15
23
10
12
16
23
23
7
18
26
6
10
11
34
5
25
16
4
40
16
21
37
29
37
22
3
6
23
28
6
27
36
41
42
44
46
5
23
36
38
52
37
23
14
60
41
39
54
4
2
62
5
14
11
70
3
41
77
33
52
50
82
64
27
35
15
21
75
34
5
70
12
55
13
11
82
38
92
59
60
90
97
93
76
17
105
24
73
105
98
75
46
83
104
114
20
86
103
77
44
112
19
7
15
49
30
55
22
113
4
72
118
45
6
44
4
136
87
122
122
58
114
75
77
49
38
139
34
88
76
21
37
26
10
9
140
103
92
143
159
161
104
114
12
118
164
163
45
147
45
102
31
7
155
128
49
115
89
39
18
169
37
182
53
142
48
56
175
163
146
169
21
45
27
129
44
117
11
134
60
94
144
115
22
93
122
63
188
205
6
77
19
153
39
5
126
161
89
153
4
157
42
150
54
85
41
143
221
208
53
118
75
68
234
169
120
128
97
84
225
115
237
142
157
120
61
186
20
243
144
138
48
209
6
149
146
153
98
16
122
68
78
133
49
89
195
110
140
267
192
194
58
49
52
255
254
163
172
150
24
184
3
11
202
281
57
105
193
274
10
290
247
233
5
209
245
264
32
73
152
10
94
291
74
100
137
30
126
205
238
35
226
248
163
223
114
179
102
108
8
179
41
40
214
293
275
130
139
13
144
164
113
108
27
133
254
24
121
285
132
341
329
10
81
332
117
67
330
195
161
190
232
223
125
293
58
287
126
214
22
234
280
59
171
242
23
333
24
354
104
235
108
182
40
219
11
220
161
