3414
1
1
2
2
5
5
6
3
8
7
11
3
9
12
7
1
3
5
10
4
18
15
8
6
9
24
6
4
16
23
29
5
32
15
11
6
32
2
4
30
7
10
23
12
10
3
21
16
6
43
41
53
19
37
1
46
25
36
1
22
51
58
37
46
66
63
40
6
38
43
39
18
9
62
23
40
29
22
55
32
10
35
78
51
27
20
61
55
70
50
7
46
29
26
9
90
57
62
25
99
49
98
90
90
80
4
3
67
18
73
87
105
22
24
58
18
74
50
31
21
77
65
91
33
76
126
50
129
77
128
15
34
46
3
52
83
89
19
104
133
97
114
31
143
111
39
73
70
35
41
149
15
90
59
136
2
75
22
96
131
24
40
50
163
154
2
78
169
42
68
32
72
171
90
99
88
169
77
111
164
58
145
161
11
38
100
52
159
2
39
26
191
78
155
42
147
151
195
168
82
67
136
133
24
146
70
206
66
183
110
68
198
26
160
64
134
6
149
85
15
148
223
98
55
28
102
147
175
154
171
60
217
131
32
38
138
233
53
4
131
56
129
81
109
160
207
154
50
202
32
6
78
153
128
73
20
222
93
61
89
71
73
260
167
208
63
159
193
199
222
183
33
203
187
254
124
153
155
166
178
182
264
2
240
64
123
47
80
229
159
134
270
248
198
2
76
39
189
17
204
201
2
293
39
50
55
95
259
111
142
46
207
147
141
26
82
134
116
259
200
84
186
104
212
98
292
2
243
173
313
38
74
38
41
25
95
32
80
211
209
81
204
101
331
89
149
20
228
245
18
272
265
3
310
93
77
233
145
326
138
231
314
128
96
97
323
237
177
308
49
256
311
112
132
157
25
240
200
248
90
376
245
281
296
282
143
157
216
32
88
284
196
292
111
240
27
365
188
113
268
345
294
368
42
289
234
197
63
229
334
195
271
218
85
410
68
249
376
238
116
363
30
258
402
342
330
15
160
316
188
334
216
151
303
388
208
126
365
74
13
258
214
11
337
430
124
119
296
308
127
411
183
271
284
202
174
16
21
333
148
235
327
332
197
267
301
74
110
406
364
24
375
473
210
356
359
200
86
419
119
181
242
416
236
30
429
340
83
189
328
18
375
400
258
257
349
131
431
303
119
369
498
74
137
344
405
474
372
111
139
220
110
208
200
263
463
239
110
70
240
387
213
425
106
170
122
459
152
372
386
85
276
273
51
297
100
504
137
515
299
440
426
173
259
221
402
332
127
157
168
250
138
219
105
472
238
208
52
29
542
530
463
472
166
80
300
273
416
517
156
333
80
547
506
449
52
372
164
322
154
535
131
149
137
39
286
509
324
88
279
37
265
470
406
188
317
227
533
534
401
464
407
413
287
472
357
529
146
475
79
514
447
389
164
406
184
439
438
389
407
534
283
92
431
58
423
405
122
216
532
190
629
79
490
112
325
489
492
275
182
150
583
385
152
56
493
363
515
601
591
630
333
53
553
214
648
239
397
525
572
89
556
271
251
556
79
581
281
147
587
227
114
647
595
179
286
56
51
402
484
524
658
313
60
624
259
315
73
654
49
302
308
346
196
477
5
384
68
211
515
198
453
205
284
472
15
590
440
384
545
22
393
409
559
423
470
511
16
408
25
438
684
521
440
5
392
272
448
370
397
590
194
550
109
107
276
99
135
390
240
316
175
329
438
46
85
410
727
283
261
742
752
653
518
439
139
622
692
316
344
112
293
738
132
457
357
157
240
662
197
108
568
304
635
192
172
457
263
373
129
782
333
767
435
353
158
462
586
90
305
458
185
270
186
426
142
120
177
445
371
629
419
58
456
126
742
238
669
618
4
246
374
176
532
560
606
573
197
755
312
801
504
670
568
618
94
824
11
378
191
15
18
708
396
621
72
54
557
711
422
479
24
589
694
604
32
799
583
496
682
584
743
167
101
755
338
513
702
658
481
552
726
301
593
855
858
715
807
182
230
817
854
832
251
503
268
866
545
406
425
743
716
344
600
308
828
846
64
313
420
689
552
853
882
710
157
837
530
532
136
822
262
778
527
391
696
117
798
487
804
316
852
452
116
622
658
507
871
539
108
536
630
209
660
435
572
145
274
412
405
99
120
869
807
252
732
15
911
850
132
149
876
860
884
13
300
913
257
52
291
919
868
630
68
222
131
141
102
844
65
392
245
920
321
951
153
538
266
362
636
315
386
933
360
198
828
555
694
54
229
810
90
544
533
942
306
940
155
44
287
224
55
348
338
806
189
727
715
850
207
149
363
130
775
601
139
746
447
978
914
189
307
522
863
911
272
192
518
561
573
207
926
424
133
498
505
12
95
130
573
222
82
516
11
846
314
765
196
189
603
1028
909
429
141
190
215
575
473
288
796
985
724
119
1036
650
1038
154
578
562
568
478
271
1005
1043
863
1058
523
559
848
780
667
117
146
399
397
651
352
495
318
397
637
130
39
401
721
1039
822
379
621
162
44
637
10
750
398
336
969
500
437
1082
1045
859
328
192
144
167
254
723
466
349
459
1086
229
915
638
118
65
955
751
729
909
973
922
619
930
418
63
377
880
581
184
1046
11
21
953
985
753
1054
282
185
1019
341
25
1053
318
1096
813
414
541
339
1056
813
147
1130
320
915
140
295
816
989
1140
124
796
803
980
78
608
1086
675
917
420
123
931
432
234
530
530
758
139
482
741
603
962
613
232
400
643
731
626
1072
886
581
532
822
861
78
718
615
1044
195
521
112
633
647
866
255
864
1154
356
464
945
695
826
313
1028
905
291
68
438
410
138
673
605
545
387
1111
536
729
636
1187
229
583
251
1069
331
1189
710
515
85
164
527
870
1128
911
68
161
519
407
47
273
1020
230
715
541
827
524
1067
1104
224
327
142
681
442
307
1251
1131
1101
954
897
1059
783
616
260
243
1038
976
362
442
1003
1144
1137
744
157
810
472
549
1096
1179
15
604
1171
250
410
966
498
785
974
174
921
40
28
670
614
449
44
306
1120
43
262
1223
977
111
2
170
538
925
222
621
861
1081
603
99
308
1092
405
821
501
1008
348
713
662
788
1103
64
1069
633
217
271
387
106
846
767
1234
1119
660
249
382
948
223
206
789
1182
659
1273
496
383
274
826
1326
875
211
14
230
340
88
521
1092
58
875
317
757
1289
351
1339
413
73
640
283
619
1287
436
543
675
288
488
1186
66
1010
1169
340
306
1164
267
572
768
1333
626
496
978
556
759
134
111
377
213
293
369
1340
511
1116
954
876
300
740
1211
155
683
601
618
460
634
136
1302
990
771
1011
433
953
330
637
379
830
864
350
395
1031
670
334
1260
366
152
855
509
1226
801
1041
671
723
1403
132
170
50
935
526
61
509
902
609
157
1445
588
421
445
32
1259
1152
1422
1251
741
1112
2
1369
205
94
409
687
367
637
114
1226
441
502
1070
158
1
1059
1036
633
81
284
1175
1460
731
192
50
1016
1468
562
736
9
643
157
1026
1056
279
14
1276
818
614
499
1401
975
808
683
1036
1039
109
901
228
1030
426
1473
1035
561
1230
1259
575
795
1391
175
868
1327
331
1216
1382
1439
358
345
1138
864
181
1385
510
1346
201
442
216
1038
113
780
748
1312
102
1372
196
902
296
837
489
1277
688
1291
641
1485
378
538
382
543
207
487
508
31
1342
973
1012
701
1571
235
312
490
1487
1547
184
381
46
891
1395
1562
798
1030
1374
513
1299
861
789
907
708
890
952
113
1554
1560
41
1242
1415
287
800
899
195
159
845
1334
321
1314
1336
956
603
416
1056
1498
1275
936
509
196
1609
505
1078
490
71
977
568
30
813
272
670
565
524
564
16
478
1162
541
166
411
294
695
1489
916
1265
691
1608
1598
1606
404
826
177
1263
1271
293
473
599
1585
1096
1427
918
1189
1484
89
1359
119
144
69
987
574
641
335
1083
1329
1359
1407
642
1029
195
723
392
1419
117
1048
177
1033
1359
316
80
909
1402
695
1461
487
906
1270
444
1488
986
874
622
1226
1254
1569
1336
524
149
736
259
1360
1164
493
1535
1452
137
1676
883
1620
1572
1012
156
1123
11
308
795
1552
1078
1667
1465
1285
157
1438
153
511
137
436
1070
303
290
22
101
18
1426
284
1544
112
1116
1665
587
236
1234
384
355
503
16
346
42
555
19
1018
777
1263
1284
434
1296
1699
12
791
575
227
690
196
1777
1326
74
1772
709
243
765
1780
800
247
90
1595
743
614
839
1444
910
151
494
1034
686
711
439
171
79
781
1434
1655
608
1632
622
850
378
345
1573
1015
13
1005
1202
1487
522
1004
83
1078
239
1800
1507
1314
1425
1705
178
1612
1229
1614
1827
1152
172
99
1200
420
1745
1129
238
1602
1809
1117
1637
577
127
59
1431
1268
1505
640
814
363
127
567
633
681
86
1050
1308
1210
1643
138
267
927
284
80
1196
1606
519
517
286
539
1759
1372
164
842
800
1769
420
172
1850
1004
781
1618
1748
975
1362
1495
567
1830
1098
419
1764
94
37
1349
1805
1524
447
99
1202
661
1866
423
776
738
749
78
1231
1341
1869
435
478
1275
372
90
810
1694
233
1141
873
475
1817
321
699
1382
1283
768
1024
1634
1823
1881
90
1134
941
1859
1588
162
1642
959
1927
958
1147
468
678
820
1559
26
1139
1829
1888
936
1512
420
1563
1153
182
469
300
1583
1572
45
1236
955
388
510
257
930
282
1526
28
1458
266
123
1219
486
536
1613
1617
466
466
1444
1616
1692
68
1630
1918
1862
1649
800
1316
1609
710
1136
1195
754
1727
1998
1627
1984
1311
1608
344
1945
755
484
156
1689
1408
1625
579
1353
1973
155
343
1614
554
1692
1889
291
819
214
662
1936
100
1124
1439
1805
138
1911
759
877
1459
438
1238
1559
1102
270
956
1452
771
481
1951
950
1898
649
1881
587
1463
1825
965
1176
8
1586
2034
649
384
1422
387
727
807
1664
1284
889
728
193
1647
275
2031
1922
1257
1387
1646
423
1398
1931
331
1137
117
45
1387
1274
1292
459
717
803
770
1099
1569
258
1770
139
1771
573
419
1114
1366
1430
1623
1464
174
1191
1753
362
996
1574
603
198
387
1542
219
1028
517
272
1779
1046
483
958
391
1371
512
802
919
1686
1790
668
439
451
834
165
2025
769
1593
1876
1057
1208
1680
794
2102
1474
952
1060
332
780
1041
1801
1112
146
801
1382
1205
1858
283
1017
734
710
2024
171
1189
2146
1798
1950
1990
835
927
2033
1650
1643
241
1429
139
253
1031
1499
730
131
1609
1153
331
1102
1165
317
350
1929
1604
774
1000
173
1311
2089
4
2085
1313
1879
1213
387
275
1653
121
263
1821
1828
1838
1996
1536
833
86
762
362
1898
1705
292
1994
1044
1291
2128
1676
309
116
1032
1816
1296
1337
2022
811
415
1879
2201
615
1444
588
71
1984
529
1530
1732
1252
447
400
3
251
2074
2216
2010
1280
1005
1457
2168
2173
192
596
273
1349
1020
237
1394
579
1646
1584
2105
2
721
1379
1474
1874
1564
655
2152
1659
1894
1210
1140
559
1616
425
1017
675
1151
1792
1072
1321
2088
159
1067
874
319
2055
1531
1941
319
1159
1963
1481
2067
1610
130
1911
2177
2120
1164
1298
1727
1363
1499
1627
1930
594
1734
5
1041
73
634
217
1774
1881
412
162
1548
1502
879
2105
510
1733
1179
879
241
489
482
439
2297
136
2197
1621
1131
2073
258
512
2053
426
2285
2101
1171
2193
14
1348
1812
1912
1453
2173
1089
1894
2171
2128
81
512
336
917
1263
105
1048
320
1168
1595
1897
18
915
2356
1156
893
1956
845
107
155
2297
2375
1538
2242
151
708
1101
237
776
1483
1575
183
2049
1133
1511
1508
2059
258
41
1325
2171
582
1920
1583
2000
1813
300
1663
1407
1664
1250
1336
324
1957
448
392
2353
2167
1530
2145
724
1132
240
466
535
1049
1977
1093
1920
2115
200
867
1431
1387
719
1464
895
476
1242
897
745
65
1185
2134
1374
572
2131
1997
1664
573
986
1323
2382
1341
1701
890
2020
1446
892
2341
318
1507
2326
678
2107
901
1539
1151
5
2022
2021
2414
2464
579
1608
1531
1224
1382
1196
1732
1725
447
891
2106
924
474
384
1440
1893
2228
1189
2147
1464
2436
1840
2271
2098
1622
2290
2035
1497
2169
953
373
1051
310
875
1606
1795
828
600
770
1782
1441
59
513
1108
484
1326
1951
2509
82
1066
2404
1630
1051
2093
265
2259
1502
260
1562
1880
1673
505
1501
1964
2353
1567
2029
2481
703
707
2234
990
2382
1341
1836
1478
1075
2280
838
607
2491
1928
2546
2099
265
956
153
1587
78
922
1233
796
2486
2511
875
1810
312
1058
673
41
2105
1761
1995
79
1960
1642
108
179
2043
1033
2342
2041
743
2510
1818
2166
2128
1661
2178
1128
1657
259
1293
2425
1755
38
2555
1970
389
1916
1965
1471
2186
191
1195
1663
2287
774
1306
744
2593
1622
130
768
1852
719
1636
541
2089
1291
1690
79
396
2253
216
805
549
1564
907
1714
1235
1729
477
1820
2358
1970
746
516
1572
225
771
2013
396
1055
108
1388
1303
1102
2170
1855
1774
2337
461
127
499
911
2555
125
1696
365
1716
385
2651
2193
109
2268
2634
976
1036
2279
1987
2238
1544
374
2135
1704
339
930
233
887
716
2618
2617
1886
2494
558
2476
2208
1600
2023
465
931
1528
596
2581
754
934
1733
861
192
359
1772
1408
1165
1465
1662
1412
2346
6
2119
123
1946
2559
1978
356
542
306
1624
1598
1909
70
1438
1337
112
2503
779
1721
902
891
1558
2288
2474
1959
2125
1369
2086
2336
903
1023
1307
1642
2294
1252
1606
1355
936
596
2605
902
689
1085
2233
1222
1528
2428
2142
1502
345
897
903
1058
551
1293
1442
1424
598
2128
820
1498
594
1056
780
1856
1704
2638
1597
873
208
107
1623
1617
772
1554
2658
310
2184
2534
137
638
2291
838
1226
1380
518
1602
2082
879
558
396
1523
1455
1212
101
1707
18
746
2799
458
2801
1067
2626
1964
558
1675
910
504
1214
1058
562
2629
677
2543
602
1789
1502
378
54
488
771
814
681
2193
2521
1108
2691
1378
2659
1107
2829
395
233
2323
1778
252
1843
993
2485
1921
745
275
2590
462
449
1264
2316
2505
2421
264
1106
2425
2829
1243
2831
629
80
1598
292
2691
1271
1825
2077
1252
702
1312
85
1681
615
290
237
866
1015
35
2242
1491
2420
2093
2621
1344
2628
1202
2434
626
1957
1345
1513
12
518
1206
1463
1004
931
2408
2543
1785
40
1097
425
1503
2836
2235
2086
2214
2212
2509
1647
939
1278
2301
336
2214
1795
2081
514
2668
2691
1352
2073
1097
835
1254
634
1320
1474
760
174
1
1061
1463
2201
56
2299
671
930
1879
1360
1902
2779
2507
1490
686
2867
1651
2238
2910
1144
41
1402
42
1113
2326
1175
514
2600
1121
2188
297
658
1983
656
1743
157
952
660
2609
2528
1342
1715
1312
1196
310
521
1310
891
2092
1401
2354
2937
2626
1324
1112
172
2971
705
548
2696
999
588
2146
424
1293
2092
2647
2156
1479
1890
2279
2424
2280
1710
359
2079
1787
1617
339
2331
923
892
885
1044
2527
1015
1434
1979
3012
254
557
287
1513
264
2766
1403
1730
1722
1738
760
2338
886
1697
1624
577
3005
530
908
2635
363
2920
72
78
743
741
1130
849
2311
2829
2710
2397
1566
164
634
776
2138
2074
2443
2672
2613
1186
3006
2588
426
11
1594
3056
984
1544
2761
763
1491
3003
314
1188
1320
1955
8
376
2327
3011
82
253
76
734
1159
570
1970
799
1136
313
1870
1923
2304
785
1265
1449
954
1668
1631
319
1706
1642
2836
886
1491
2193
1549
980
2683
2381
2552
2042
1184
96
170
795
2515
3072
979
463
1872
792
848
1137
940
1807
2425
2724
476
401
56
1926
1726
2726
423
1622
2852
2683
228
1385
2550
2194
960
2535
154
1604
2189
406
1902
1362
2451
2458
1111
783
404
3036
59
1195
2821
2126
2200
1177
2117
949
2317
734
781
452
288
819
1037
932
2696
243
1920
2744
2326
2127
1400
34
69
1913
919
387
2238
2742
1100
2026
2746
2936
1800
263
3003
1158
2547
1075
556
1850
3070
898
3046
1583
154
633
730
1523
644
1648
44
1174
1124
1134
276
1796
807
1702
1042
1361
2400
1343
2407
3016
2080
1204
694
3060
1997
2440
1608
456
3049
173
2257
2699
2146
2908
1873
2177
295
3015
476
2016
2774
732
1397
2980
1559
2053
2707
971
2974
2655
1412
1928
2682
552
1686
498
1789
172
759
528
2772
234
1530
2511
1042
56
1486
1945
2592
1763
3256
699
2583
1930
2078
2859
2514
1566
170
1733
1470
2273
2236
503
11
341
2074
1817
863
2962
382
2374
1564
3046
1315
1711
1561
1448
1158
1394
2821
1181
2707
3052
2931
1835
939
2647
3076
2505
899
2889
1622
613
3256
2908
2049
1249
2397
1551
2515
2449
1542
1209
1011
1100
870
2981
912
1945
2487
806
3042
236
34
2954
2875
522
1034
230
2766
2305
2886
1666
41
2188
1009
49
1529
2108
1518
69
1516
556
1901
1735
132
3170
2728
1899
2640
427
2978
798
2867
1230
1490
577
2414
1458
365
2396
1230
2676
3006
108
179
2438
1101
136
731
1711
2473
2861
2337
1277
606
330
2709
3060
152
668
1799
3244
1678
2815
1370
1897
2026
2059
2443
1907
1068
1002
2752
2876
1945
792
935
