481
1
2
3
2
5
6
8
4
1
9
8
12
6
1
6
8
7
2
17
21
12
7
17
13
18
10
15
11
11
15
25
26
19
19
9
32
22
12
3
5
5
22
29
8
9
13
44
14
37
17
13
23
46
7
22
44
27
14
5
24
56
55
12
41
36
50
9
57
49
32
38
37
14
30
52
34
27
16
67
43
23
44
41
24
63
43
29
78
59
66
70
78
34
9
39
37
88
10
15
64
23
89
103
46
20
102
36
101
95
52
93
8
69
91
78
6
106
23
45
30
121
80
89
111
86
37
11
77
78
74
91
62
54
73
50
50
26
16
18
111
19
88
54
110
88
65
124
74
94
10
62
71
10
76
97
129
118
11
29
50
60
22
120
132
126
166
100
16
42
77
19
31
165
23
43
152
117
40
163
54
166
17
130
99
171
178
109
8
42
172
134
115
149
158
9
33
79
176
40
106
101
70
98
176
25
133
80
105
208
130
104
84
100
94
206
128
16
46
41
79
99
51
66
49
29
107
192
207
24
80
132
57
175
137
74
65
134
54
173
101
234
49
124
232
69
77
43
85
214
116
159
216
236
55
222
121
42
209
166
139
259
114
34
168
70
99
54
58
129
178
55
153
247
22
217
183
64
110
231
198
69
46
46
231
225
122
275
10
101
41
16
10
166
142
259
135
286
168
154
82
42
211
104
61
39
5
288
64
105
106
107
278
2
61
152
47
132
28
290
161
185
142
223
5
208
279
176
172
317
74
159
196
280
1
126
19
214
108
89
116
328
223
265
282
276
191
68
312
334
90
276
294
279
87
71
202
61
137
352
64
342
127
297
160
123
22
133
29
196
36
313
200
16
176
365
11
253
145
186
6
272
98
63
255
154
346
363
184
62
188
356
234
252
287
70
136
349
219
102
30
337
223
320
330
56
171
337
127
43
164
67
132
101
385
404
358
320
126
22
169
277
184
370
188
270
91
233
291
213
387
168
343
200
26
23
436
351
224
137
326
182
138
23
224
35
414
345
6
249
419
406
336
273
310
298
213
208
390
118
34
24
396
429
135
200
300
455
137
253
71
170
54
292
375
472
110
425
195
23
343
