4325
1
1
2
1
1
4
2
3
8
8
12
12
8
10
1
14
9
12
10
20
17
14
8
15
13
27
7
28
12
19
1
4
23
20
6
14
21
27
8
27
36
2
18
5
12
10
17
19
27
7
44
13
22
35
33
31
28
11
51
61
14
38
4
5
59
54
16
19
1
70
17
68
15
6
3
55
50
3
48
21
79
52
19
27
11
5
30
32
2
47
39
72
43
32
75
17
98
63
78
31
18
66
59
73
93
93
106
81
31
5
41
108
4
109
100
41
114
3
65
96
107
108
19
74
44
48
21
67
76
25
47
106
57
44
42
128
92
90
34
29
12
97
95
45
47
144
106
76
108
125
121
119
137
103
14
138
81
144
43
49
35
8
54
114
157
85
60
165
28
27
135
128
51
159
155
10
86
59
46
52
62
148
157
20
169
5
55
7
4
127
70
152
126
153
90
181
27
157
77
102
21
95
103
22
167
126
88
189
136
208
61
177
9
45
88
12
215
115
215
199
14
60
142
104
43
24
15
170
68
155
218
13
135
115
107
219
127
123
93
142
170
24
198
94
179
147
146
58
128
63
53
135
244
41
165
83
86
228
141
62
124
152
191
11
214
85
250
92
112
161
264
131
129
202
221
111
260
111
160
32
18
221
213
251
64
66
212
70
33
229
178
30
258
204
22
276
61
246
204
137
113
166
2
73
233
237
140
149
144
243
81
50
129
189
80
77
138
220
83
193
178
277
146
224
30
83
60
311
133
257
77
250
115
136
54
334
284
155
192
285
224
186
267
46
170
331
44
7
225
80
114
70
30
18
192
56
166
59
243
302
355
90
39
246
198
129
37
358
30
244
20
72
213
243
299
18
200
12
62
372
365
291
160
377
296
216
23
387
172
84
232
69
224
285
198
393
222
32
336
329
296
139
26
166
259
297
94
364
355
108
317
32
163
124
86
218
331
110
233
80
217
179
290
159
28
399
67
392
14
421
67
258
167
181
390
384
25
195
209
371
299
298
107
291
291
281
112
355
282
54
309
385
351
218
98
238
427
80
166
380
367
452
21
47
228
207
107
393
191
157
374
355
44
206
273
69
380
147
18
383
477
474
148
417
343
4
118
128
43
194
319
195
434
495
122
299
224
127
484
48
205
91
302
180
203
115
128
439
466
171
420
500
110
340
462
142
459
294
63
441
252
472
264
461
506
303
484
485
83
511
374
343
281
256
340
157
212
192
438
199
25
422
291
176
448
463
311
516
271
373
346
312
185
538
341
547
68
541
538
92
44
18
563
467
265
439
379
362
161
172
163
460
492
508
480
430
359
558
521
122
60
479
386
75
470
472
171
243
324
311
288
399
544
452
501
123
429
10
49
54
309
34
186
277
53
374
329
316
559
254
314
284
441
424
503
531
408
220
226
447
17
15
568
435
145
372
360
609
622
146
350
216
425
371
502
615
137
552
326
635
616
467
344
574
226
315
467
460
45
356
81
302
161
236
228
360
454
119
446
511
225
78
624
516
601
486
526
131
608
34
495
465
8
146
146
202
207
477
629
207
442
181
331
660
301
302
13
191
146
545
496
330
644
221
387
170
316
340
23
376
633
458
26
33
321
248
562
312
97
42
386
237
588
381
708
563
393
46
466
186
720
150
243
303
294
66
66
449
728
15
225
149
195
557
563
542
93
12
399
63
740
564
545
595
699
342
302
394
491
747
113
263
615
15
255
678
454
451
334
242
37
381
661
355
583
414
659
379
622
715
697
480
582
563
562
296
502
157
339
309
547
678
271
641
665
401
665
42
568
503
206
299
243
309
440
247
6
579
108
79
168
498
602
29
460
782
527
67
399
64
315
757
381
537
683
442
784
617
817
100
511
498
207
279
486
308
204
541
806
66
25
309
794
364
146
96
17
311
800
642
718
683
203
785
219
639
799
360
277
278
777
259
485
193
21
614
630
215
153
277
798
38
781
273
195
841
444
787
677
836
201
162
826
346
264
38
636
605
622
854
474
195
61
834
403
267
718
695
30
564
395
237
278
546
97
482
160
428
157
661
327
687
325
676
776
701
347
819
438
624
468
633
465
907
459
522
510
283
207
181
666
423
92
164
92
1
821
775
518
812
585
68
507
167
230
742
503
225
819
237
100
245
641
2
603
141
872
22
506
865
164
208
343
85
622
571
528
188
692
682
930
372
824
27
434
325
629
231
263
489
552
277
820
212
705
535
930
123
431
511
164
826
18
547
553
46
737
74
87
438
181
895
275
315
325
312
113
295
40
112
315
384
961
196
495
367
930
361
539
601
778
564
121
81
721
575
800
896
818
7
539
501
644
447
101
167
152
1014
646
802
851
97
184
808
406
210
935
546
918
954
947
603
747
914
531
273
540
1002
856
519
868
328
530
292
304
444
515
411
383
799
273
875
422
790
386
389
964
364
46
784
202
600
11
590
714
853
818
957
170
756
443
27
262
1052
426
628
365
135
662
692
965
453
313
295
120
815
330
586
17
455
153
1005
1004
678
466
13
608
108
916
879
390
536
330
786
767
484
576
1079
998
140
109
617
59
342
781
135
694
574
365
583
760
984
916
974
507
173
428
465
325
214
1035
500
653
672
312
1140
927
242
94
163
496
446
507
535
680
249
780
1046
732
1144
936
219
965
1066
1094
470
934
613
14
1170
432
344
692
439
951
1046
420
295
445
420
1002
1027
375
1040
60
993
1066
723
692
880
771
442
738
806
872
743
207
710
175
764
771
217
371
594
323
330
169
1141
723
527
309
396
86
1106
380
466
725
712
2
706
468
693
153
841
901
19
1000
501
307
396
1037
256
604
635
220
92
810
326
760
869
986
554
937
525
676
113
1059
69
341
163
270
1011
543
465
858
1101
375
720
885
647
449
85
1124
303
703
279
1162
1189
87
968
642
913
371
697
164
752
1008
1241
273
501
504
1120
1111
945
1207
856
1028
691
786
922
892
965
323
32
99
849
450
748
1254
790
341
1117
973
736
650
1010
1022
477
1057
1219
1141
517
1112
1044
1089
1187
213
1283
46
465
27
968
1291
87
1059
229
510
1295
295
314
241
218
7
639
596
869
1213
788
846
855
294
453
641
1112
1207
138
572
290
1
827
391
1005
246
961
54
124
650
1253
318
176
610
1005
636
1088
1049
284
1358
1293
1290
846
1107
1336
328
1281
368
275
1119
983
829
613
395
183
236
509
1078
469
1190
337
1310
845
532
1194
547
327
312
589
1246
768
139
878
955
66
892
213
358
954
356
1177
843
412
510
580
1209
1330
604
1352
380
329
7
379
48
235
395
833
436
1416
1289
344
1084
1160
790
844
1066
1433
489
473
558
1274
1001
636
360
1437
1195
436
249
608
1340
1254
139
320
1032
418
204
505
280
481
20
1316
837
437
347
739
848
86
255
169
660
41
674
787
542
81
585
1122
846
541
299
159
1220
1296
56
1259
867
1287
385
447
623
14
667
777
988
649
734
831
237
764
678
176
850
1486
817
977
755
1117
371
958
1357
318
199
1257
886
4
1020
675
1114
766
135
1128
174
675
1184
940
138
460
358
279
501
455
1285
394
1484
1165
262
873
411
1038
1121
11
638
311
931
773
981
135
544
415
552
564
989
1077
87
630
1038
250
255
700
530
1509
383
971
1083
1315
983
86
715
720
1331
169
1260
1457
1247
501
723
1367
1424
165
212
669
191
778
544
1223
870
147
679
535
1560
717
784
1548
996
250
763
1133
1349
1315
1582
330
804
469
1009
1417
236
67
627
112
1268
272
732
1193
897
1052
1077
519
1540
842
3
885
1064
1311
206
993
1606
1591
1499
1094
1529
889
1381
59
575
1064
327
314
1553
665
20
912
1030
1571
939
1594
181
1440
1124
496
359
1422
296
390
193
701
1092
1165
385
613
35
1216
196
1446
330
830
840
1097
1514
647
1589
934
868
545
897
379
753
479
141
1190
354
1493
1660
12
526
495
288
713
263
460
950
1326
1518
1481
1299
38
159
1399
1636
1011
416
849
94
477
1247
1420
60
1325
1692
448
14
874
1070
275
902
875
941
1394
1230
387
1289
1679
75
1149
153
153
952
843
88
450
1612
1682
1333
230
1496
1194
1697
1220
454
334
1304
7
1090
1450
265
293
690
1532
1608
859
224
539
1588
585
430
1209
238
1716
1532
906
339
1750
684
1194
1683
1272
7
435
1003
1256
1730
1179
431
1235
1005
416
587
110
975
1634
1174
1189
1652
1630
719
162
1525
1022
681
1722
240
363
1599
1652
1251
1326
217
1174
230
1046
221
531
784
158
1521
1710
1678
770
177
1465
1092
271
959
179
390
870
1396
1507
710
633
116
994
526
1768
27
298
321
1544
800
1708
1778
460
1295
1220
777
508
806
623
521
72
88
911
1614
1262
36
630
1550
346
359
1378
950
804
88
1617
1534
968
1435
91
3
317
183
1001
984
1482
1251
766
388
1466
1011
608
577
718
68
1555
806
1348
1764
1844
405
1211
1660
309
1679
212
632
1619
467
498
1685
426
325
338
946
383
1242
782
1713
811
1372
1634
325
150
37
756
221
1074
885
1578
761
1284
548
817
1131
1754
1504
619
1633
1240
1764
1710
1540
431
1479
1773
971
1081
1189
1363
226
1228
1370
1031
913
1136
286
984
110
230
280
1016
973
853
1438
1853
1471
1198
1762
585
925
917
256
354
912
119
1644
1895
1150
859
1713
1899
1229
1877
1893
643
54
1506
1640
1838
538
1584
1421
1519
1571
403
1603
999
864
405
1920
609
166
12
1795
376
320
1090
980
840
373
1051
944
1872
1653
34
1931
1923
1434
168
289
1099
1814
540
632
1030
229
694
1964
1612
1898
1150
335
1412
1300
337
1674
33
1119
204
1154
272
1727
120
1947
1907
1799
1818
1258
1669
1241
48
533
1189
227
616
934
282
1455
1547
840
1858
1612
1847
1760
706
138
1405
1665
1772
323
932
1544
479
747
318
1377
1327
1528
550
560
1935
514
12
1940
1937
1528
1148
454
1329
292
760
904
1717
199
1869
1099
947
916
1944
1687
1655
1796
322
388
294
427
1262
742
991
1437
904
1964
1324
1203
1687
1556
1736
582
19
1390
951
1492
1177
1961
1739
167
1257
1124
1284
1435
1429
183
224
1610
179
2111
1020
453
1027
1459
1857
601
881
262
1489
1193
1074
806
1482
601
2057
185
1025
2127
417
1023
1187
180
887
262
529
1334
1042
1046
1406
1384
1281
1965
2068
57
218
1341
1588
1371
1921
2047
239
2058
695
898
2063
1395
51
1689
1430
743
313
1437
1812
597
1212
1070
1070
1151
1301
1914
928
720
383
1455
343
1657
1825
2072
420
1804
1336
1327
1877
97
123
237
1446
1568
1107
722
110
1116
208
787
1171
614
2050
586
1634
2046
182
1658
1585
380
1713
212
1194
919
1795
1936
1464
2044
2152
453
1218
1935
762
1667
2072
535
1532
1377
1085
2059
1372
37
306
1406
14
260
328
1405
1262
1015
390
2162
1515
2205
2204
1617
1596
234
2076
520
464
1969
863
767
497
1979
2159
1841
1522
392
1424
363
1705
1632
421
193
170
1953
2111
679
1540
1414
363
1527
1544
584
122
12
682
2194
1825
1665
796
886
839
1161
936
712
2057
116
331
478
2083
1058
1147
927
713
1310
1430
351
689
417
128
1121
774
397
1465
1417
912
1641
1981
2165
1140
2052
790
358
1374
231
1885
1881
1434
814
1464
641
83
274
440
2002
1905
1
1595
1101
1387
1909
513
2153
364
555
790
367
1496
1598
198
709
1152
1752
1448
755
1901
967
1178
784
92
1461
1293
984
1678
2350
1912
1927
2287
1648
245
1244
2122
186
216
40
664
1181
357
1477
1599
1668
1215
3
837
89
175
1146
1368
919
1576
664
1656
51
2123
1883
2229
534
2257
2022
1436
1209
122
302
594
1188
2014
1044
1730
1894
1758
674
44
903
1832
849
1401
1576
1790
1849
2155
1694
1181
664
1405
980
73
1533
1320
89
346
1488
442
1028
2344
2032
1838
2385
802
178
968
1293
658
1267
119
982
80
2031
617
1687
540
1916
877
612
917
1781
1262
2290
1753
1690
1376
329
2364
1663
974
79
1800
1580
1012
1920
2234
2288
711
2039
1075
1835
2156
2276
726
2118
831
723
1903
1899
174
501
273
2249
149
1276
1209
550
105
2368
624
483
1158
1015
2336
204
2127
24
1269
1885
2071
1365
1035
189
1078
2017
2386
1691
2282
161
847
1223
1298
460
1325
693
2469
2289
2250
2453
2434
958
1161
122
2110
1009
1387
1290
376
582
715
2077
2143
1721
808
1417
2190
11
1267
1789
950
1391
1440
169
1248
1169
2330
724
702
814
2154
1039
1952
1578
811
50
1030
797
48
2124
1285
2329
2218
1339
1920
321
888
1791
1079
911
2398
1837
1982
296
1248
2533
1750
1353
947
2210
2276
2487
221
2142
1815
1503
963
1896
631
477
132
585
550
979
1701
2286
2445
63
3
2414
1117
37
1141
1362
1095
1904
935
2210
2127
1364
335
1879
654
2285
1380
20
1701
1170
2056
2437
773
131
626
2213
718
235
1170
1641
1090
1918
1036
844
1182
77
1740
885
2601
2028
15
93
456
2148
2426
1538
1826
1378
1258
2546
1136
1359
635
2569
2407
1446
2443
1144
2572
422
47
2342
1218
2599
1419
417
2617
256
1721
1058
1817
1915
282
2013
1237
627
238
1852
457
332
428
696
683
2368
296
910
597
2054
1573
1780
2076
1203
1856
1090
2518
2233
167
2494
2021
182
2181
1727
441
911
764
1225
1467
2529
864
1737
35
234
1846
1788
408
1955
1359
271
82
1973
496
653
1842
665
1380
997
1142
1643
434
1286
209
485
2466
1487
1545
1111
823
2255
84
1485
35
243
553
1390
2556
1358
525
661
2289
1070
1046
1253
491
1070
366
151
1232
1349
844
2362
1541
2554
1678
1305
1098
647
2356
2522
597
2455
46
393
2611
2413
1224
2182
1225
635
2193
2637
1466
2043
1608
2465
1478
569
1166
1167
79
1908
1754
1224
2514
1722
2249
1994
1563
1989
1648
384
1935
1421
488
353
236
2326
2404
2431
514
1418
126
256
2477
2367
2047
1045
355
107
1566
869
2123
885
626
2557
20
1846
2501
886
894
588
471
1388
1322
2718
1815
1272
451
2822
1393
1273
2519
760
671
66
164
1870
259
1339
896
2774
1552
1864
550
728
1256
368
554
639
854
1194
1562
2724
2300
475
1971
506
2153
1524
2448
1129
1643
1098
294
55
644
2373
292
1163
619
1436
1122
2053
500
235
2840
2185
490
1629
1969
910
1885
1526
2216
2707
317
1778
948
1749
367
2116
429
2833
2329
2830
1257
684
222
2331
2672
716
544
1058
720
1759
2523
686
2808
1774
131
1934
1642
620
1832
1735
1385
1680
1865
401
2259
1503
1966
1423
2744
2739
12
1641
1223
749
1815
102
2313
1474
513
2012
655
2597
1217
2719
2349
433
2089
1105
1438
573
2218
151
1556
1846
2298
1846
1381
2756
1943
839
692
2491
867
2754
1622
1165
1301
1791
1136
1364
2489
347
1516
657
1128
1178
1655
1398
966
2320
618
1992
2583
1258
376
289
2408
1115
1440
1130
1219
285
1389
579
2474
1368
849
1180
1496
2905
2609
2851
87
1426
926
2136
1057
2743
395
1003
2982
2332
2902
511
2606
220
478
1073
2792
2624
1423
2394
2467
827
2969
627
220
1745
15
2310
2944
1583
842
2499
2047
2206
2306
930
1309
2441
350
377
2830
1150
2987
872
1132
114
92
209
2023
2484
1620
388
1921
917
2391
1354
585
2588
1246
2309
42
3021
2383
313
1150
578
1534
2618
2010
1854
2600
2146
378
2755
133
1144
1052
2730
904
1333
1674
1339
346
2623
2636
2218
1700
1787
2031
2562
2834
205
621
1476
2970
2102
2657
2530
2127
2721
2612
29
2835
2452
1350
3043
2490
213
1754
1879
941
2048
1845
1156
200
2749
1440
974
764
2797
1985
2393
2342
1071
496
2199
57
3059
2628
2011
491
2348
2395
3087
1110
1600
485
2325
2727
803
969
1986
835
1139
1993
1949
2910
477
2591
1150
2358
1209
1992
1234
2469
2430
692
2848
396
1222
510
1077
1960
696
970
379
337
1449
2542
1660
1916
2056
89
424
2836
198
280
896
1010
2317
3094
314
837
2361
276
1875
2719
2347
726
2048
1035
566
708
446
1330
75
485
980
2433
1599
1450
1157
10
364
2744
3006
83
1588
2503
3194
1382
2126
2408
451
444
2960
1535
1745
1328
1970
1773
1494
2259
1308
289
2935
1685
3039
622
99
218
2376
966
838
1606
1430
2926
3049
3202
1325
47
730
1763
1142
2659
3034
2149
1847
1115
1744
1554
1703
2671
3199
3131
856
1177
43
447
1454
1048
96
1793
273
2429
3211
3042
2715
277
391
1806
1098
1613
40
1250
2867
2478
1903
418
1367
2462
3122
1727
3025
2681
2525
1413
1841
3058
2306
1623
2992
591
389
456
2060
2951
192
575
742
1942
2843
624
2515
2587
3023
1426
3147
1014
1143
1781
156
1241
3200
1402
369
660
2
1668
212
2180
992
3122
2954
359
1206
139
2302
3178
1426
412
507
1225
3149
887
2549
748
1148
1304
1182
47
2767
3064
2154
241
2354
1492
1666
2026
901
2516
2790
2524
2629
103
352
525
2279
1665
3016
1815
3161
151
1406
3226
2065
1887
3305
660
2344
1661
3350
2666
3197
3235
100
2966
2149
781
3041
361
71
1308
3093
478
217
1276
1685
1122
819
1638
1486
2966
2697
1725
2751
2312
1890
190
3014
2475
432
716
1300
1298
1037
1323
1514
2497
2358
2689
1039
1982
2258
194
282
3220
2405
257
2666
103
3254
2931
3266
280
1095
2351
2063
2153
942
677
800
384
155
3099
59
680
1486
1101
2151
509
492
2177
2886
1999
966
1738
885
2439
1505
569
661
3125
1681
3239
3326
1655
1611
2686
325
1719
2111
1974
1826
1367
2282
1064
772
499
436
1520
1182
3165
1783
2467
2361
1810
1261
2388
848
718
1264
2787
1634
990
2660
147
2040
1509
1991
748
584
3254
2931
2286
2388
1634
1351
2249
3379
3358
455
826
708
391
2991
2399
2535
794
1710
2849
1413
2801
2041
1100
2030
288
367
314
2926
791
2902
2208
2204
2955
850
131
1188
2060
2386
327
2233
1479
1757
2176
2687
1114
3355
2690
3204
1297
1724
982
1222
1171
3313
3442
3523
2849
2337
2793
431
2815
1967
715
2681
3262
1520
3011
2328
408
3422
1599
640
2185
906
3429
3122
1183
1560
1748
2160
3419
2212
2185
3471
3451
1391
2649
726
1092
1169
2277
2877
1447
821
2383
1977
2338
1297
1803
1105
3317
321
1348
2946
2850
135
951
727
2036
1329
1653
1423
2724
3227
612
1953
900
1069
2272
654
2156
1889
306
1865
1035
549
1838
1827
1567
3443
1651
1289
910
1397
3201
1618
1934
1434
2011
1180
2797
1991
2764
1398
2806
387
1961
288
757
255
1408
3271
2135
2112
1547
3524
1609
1481
2439
1645
465
709
1992
2747
1154
558
1589
3058
698
831
1447
961
336
1500
1519
3012
2139
2076
3258
835
1499
593
1937
232
3544
769
1429
2032
2898
1795
1157
1178
322
2949
3415
2262
812
2786
3029
1631
1761
2445
425
2950
3158
1998
1650
3204
3656
2149
3339
3085
119
3093
181
489
598
3480
586
1354
2299
753
9
1119
450
2965
570
2602
98
498
1231
3010
912
59
786
395
2087
1656
706
2047
1018
2561
928
1942
1349
8
3694
770
1758
3512
1710
3076
2374
2855
1868
222
169
2145
117
2795
1544
1538
3441
1767
3751
556
3636
2093
2598
1259
1507
2367
1852
3757
3643
643
872
2243
335
2412
465
3001
2934
1640
1967
2576
1978
2522
1941
102
1360
2239
3560
3287
837
3617
3757
845
2761
2046
1355
3507
1892
963
3331
36
404
3621
1046
1664
19
1782
64
1162
3129
2184
1024
3628
296
1773
714
3095
2050
2857
513
25
3411
1344
3025
130
720
2296
2866
2128
1899
1913
3639
354
1175
2557
547
449
2722
73
2677
960
2823
537
1203
3668
291
3290
61
1025
1865
614
3181
2030
2080
666
2890
2240
3314
3404
768
679
1812
2223
3391
716
1571
559
2197
3231
2902
2525
2074
575
1052
3053
852
620
2954
1928
3688
2277
3757
1430
1647
3096
2475
855
2376
1383
2094
2183
658
2262
2916
635
2186
3470
2159
637
2695
112
990
844
144
2095
207
937
3470
995
3067
1723
3899
193
2544
2687
3367
325
3759
2740
2714
2430
1650
694
223
1357
62
2236
1789
3661
1514
2841
2795
3877
1495
3725
1343
3294
3209
553
2027
1027
2923
2172
2667
221
1091
2259
1251
3262
1560
352
2847
1647
863
3454
1513
3663
881
3802
2971
2174
2167
1496
889
661
2991
764
1171
3379
1315
2456
156
223
2716
3867
544
2652
633
3745
360
321
3893
2883
1303
1466
259
1664
3695
2377
822
1688
3984
891
329
3960
1948
2178
411
386
105
3541
2325
1282
2548
3566
1066
3519
2302
884
812
3789
255
3778
3424
182
3324
1813
2490
3596
293
661
1001
1307
1356
3619
1670
1028
1400
1214
3940
1700
3945
752
778
90
3672
139
833
3530
599
2001
2388
3511
337
902
1635
1123
939
240
1861
1701
1192
1474
3329
216
1309
3488
2413
1588
232
2407
1895
1315
908
1979
3841
172
865
2759
2535
3387
2278
1736
1311
3710
3228
2484
1726
3440
3552
970
2011
3732
4026
1774
778
1912
50
1182
1619
3182
424
768
2676
3403
3395
2821
3746
1373
615
2547
2736
3967
1091
2439
3318
3699
2091
640
1210
3277
716
3737
2384
87
70
2384
741
1320
775
92
1393
1015
1804
327
3954
3834
1883
4105
951
1449
2283
1278
3740
3940
2212
1405
2854
866
2424
287
2185
1661
2783
3608
3560
432
3260
2022
1710
2816
664
1327
2113
3736
3095
2597
4147
2427
2053
1684
3074
2235
3169
3702
2223
81
2762
1538
1472
3932
2673
2939
1382
270
226
1636
738
1911
2209
1523
122
2373
4037
275
3592
2307
700
3887
3601
3125
2456
2772
2309
2733
3383
2318
2432
460
3180
2655
163
3592
1549
2937
600
1709
1474
1506
2384
75
954
475
1130
1242
1217
740
1776
2012
2906
946
3936
494
500
4180
2132
2897
3737
2246
1675
333
2483
1282
2432
370
1638
2951
1945
1009
1686
2529
1900
3946
1796
1997
580
951
3135
4088
2943
44
1689
4078
4089
250
977
2625
2229
3163
3740
1018
1186
640
3106
4105
2400
3986
596
1739
820
3446
2290
340
2744
2513
242
627
1740
523
1049
1800
17
3236
307
1407
1499
3760
340
2490
2364
3765
1339
2220
563
1951
1543
2531
2283
1250
1855
2588
2137
3459
2097
1221
3806
3596
744
2377
367
4071
1574
999
2304
3749
3643
3001
4217
2766
3283
2207
2747
1554
3193
3547
1089
3160
2776
3464
2634
3974
3021
