3082
1
1
4
1
3
6
3
1
10
6
1
8
3
3
8
5
10
7
18
18
15
20
17
3
1
16
12
18
23
19
10
7
31
19
10
25
35
32
26
6
15
6
29
37
37
6
39
45
15
18
45
26
19
30
48
33
3
53
9
49
45
21
8
46
49
62
14
62
67
59
51
31
48
39
11
42
54
19
70
8
60
33
49
60
77
25
10
13
41
82
42
59
11
12
84
66
36
3
82
50
42
64
65
24
84
13
17
89
54
17
43
14
36
24
65
31
92
12
78
46
81
12
76
6
77
99
75
24
45
23
39
70
111
91
103
105
118
99
45
101
24
16
75
106
91
136
43
130
89
141
37
81
134
88
146
115
128
77
33
151
30
90
99
53
32
110
71
101
120
82
60
138
51
147
84
1
13
106
77
153
160
153
116
41
167
45
165
12
190
15
82
52
87
35
177
107
65
25
148
201
14
181
42
185
94
169
30
155
112
70
104
152
153
20
78
180
8
127
33
186
193
127
126
71
224
87
133
132
194
174
217
146
109
194
39
30
17
173
144
19
129
204
119
103
217
133
200
31
88
2
97
239
119
57
144
36
30
144
186
171
143
231
108
191
11
176
77
264
166
3
68
5
116
204
230
267
249
167
116
10
167
4
153
41
72
77
127
106
91
202
134
195
254
229
135
53
52
174
275
268
84
188
181
46
61
232
182
275
206
293
165
297
17
216
206
305
286
262
35
157
138
240
249
280
49
33
99
139
245
209
259
235
99
328
278
22
185
339
201
273
228
54
47
157
341
50
121
127
226
186
29
214
335
185
15
26
136
135
79
8
322
194
139
229
198
362
163
65
5
186
84
322
231
303
49
295
355
356
174
256
354
203
151
183
165
82
297
251
353
159
123
389
106
112
9
180
63
93
201
375
204
275
348
151
391
248
18
190
63
409
57
172
272
327
165
207
70
165
154
186
109
380
386
263
23
339
389
321
106
322
48
406
364
226
140
177
203
324
199
365
206
224
83
304
143
261
2
90
112
173
368
291
357
292
217
90
236
450
62
273
17
372
170
210
86
270
452
439
121
439
64
31
377
49
280
379
182
131
270
374
261
204
450
55
417
245
42
133
19
216
454
491
202
34
140
288
356
211
140
116
194
417
275
73
175
231
71
240
268
158
463
388
384
360
374
474
72
329
213
179
88
360
337
117
374
358
227
296
171
289
195
65
512
239
293
29
188
532
164
62
334
410
78
487
149
486
185
256
369
114
305
109
351
155
382
222
429
157
82
11
38
269
36
268
157
19
66
18
435
366
541
318
409
549
438
289
215
125
49
488
299
549
441
249
256
414
55
287
202
317
263
255
172
319
144
532
327
99
445
509
210
430
208
515
228
8
27
463
457
22
151
489
568
83
412
55
476
77
395
449
349
221
152
600
534
3
243
170
398
594
258
62
376
590
356
463
638
360
577
527
419
195
301
495
160
645
178
464
469
60
341
171
212
114
162
129
622
440
588
24
160
165
538
326
84
135
666
70
377
290
139
323
442
40
380
187
358
526
661
121
50
588
504
658
177
340
195
452
381
552
277
478
462
245
314
697
332
653
166
519
569
73
100
541
66
17
679
319
134
75
517
625
246
416
208
520
155
287
327
624
292
310
679
127
179
147
506
205
3
641
158
78
211
375
497
210
118
194
689
652
45
185
99
744
344
533
60
158
134
740
31
183
570
4
741
755
226
629
130
583
157
360
115
285
642
748
63
262
265
507
249
643
605
279
511
635
146
419
128
714
16
445
691
190
62
317
203
692
482
309
306
165
226
197
280
400
776
799
265
780
565
648
605
122
244
734
20
72
323
133
489
399
683
344
680
508
212
479
687
579
41
64
218
316
244
419
596
567
586
650
312
192
817
426
728
692
111
192
329
755
668
480
180
449
131
95
590
805
152
65
388
635
187
472
265
442
48
396
1
665
801
721
45
549
339
613
64
344
423
451
603
686
595
853
72
431
461
435
364
874
356
769
856
859
526
161
88
448
880
785
93
154
378
747
551
459
888
200
899
575
428
618
839
83
750
580
56
64
105
464
892
695
104
491
323
563
438
773
74
724
835
176
750
75
587
207
628
544
193
390
161
128
723
416
132
101
902
91
386
258
268
432
666
642
786
290
738
520
864
104
590
696
375
140
367
629
880
206
379
93
663
449
199
703
773
321
649
157
241
401
551
138
546
561
732
375
95
681
516
396
891
670
552
472
28
415
877
253
452
967
442
619
731
892
231
673
383
274
901
613
827
836
955
604
143
940
800
682
582
540
860
832
97
379
985
486
453
774
6
879
284
867
451
387
865
635
371
451
510
355
957
619
768
859
717
325
213
222
801
411
422
261
820
678
349
276
869
996
86
369
946
451
997
93
725
231
824
903
413
186
34
256
204
442
600
772
844
474
594
992
478
165
986
263
358
863
253
329
380
36
864
188
940
872
586
979
923
575
483
77
1005
941
453
299
980
934
1041
320
702
239
584
295
537
30
314
240
189
357
492
870
1068
1038
589
798
1108
759
310
908
254
220
1069
228
592
47
119
654
359
389
357
493
1005
674
307
820
424
531
168
434
389
955
306
377
1029
684
292
1100
849
1145
226
945
776
1023
1151
587
640
333
411
645
221
625
1139
408
395
121
1111
66
543
664
717
109
87
605
253
1068
911
536
394
859
97
706
896
719
704
805
817
597
108
661
538
374
881
1089
677
1
1069
1051
466
668
988
516
1102
313
661
1013
538
834
75
594
1094
1107
548
453
222
1180
930
911
777
632
829
336
965
752
524
339
144
1225
738
76
345
1110
408
1207
944
930
648
610
1167
155
440
723
331
405
470
352
399
1156
191
266
1074
186
1241
336
720
386
922
1181
854
925
326
873
1116
1098
222
164
1159
825
133
92
747
1069
1194
799
123
292
924
1243
204
756
1139
370
659
476
133
47
25
1100
476
348
627
571
812
608
427
912
284
1028
333
119
187
783
531
380
1128
1117
444
894
1123
373
303
1
540
583
639
18
1009
1274
1252
1247
133
200
1237
86
1148
1064
349
549
512
854
1040
1164
831
382
1178
611
11
793
934
436
384
1103
279
589
483
740
397
361
364
856
1270
810
1207
244
664
1286
33
1355
846
634
866
1183
810
1349
457
425
1018
340
490
246
721
980
248
58
1310
652
461
1317
1231
421
1240
920
1162
34
96
328
696
301
272
308
1106
1271
394
482
346
1237
127
880
931
207
1078
1290
1066
1097
501
242
138
664
169
1353
1231
1304
1286
47
1044
483
279
110
420
1408
365
128
772
993
1249
231
357
1246
56
903
220
347
756
675
479
977
725
1393
915
93
1102
189
673
961
509
612
1354
730
606
1292
767
1244
105
868
29
121
1056
646
727
241
837
1429
622
237
1412
1145
1447
530
252
1040
759
1200
430
710
1068
805
7
498
1409
383
142
310
933
904
390
1357
175
663
73
182
1132
304
653
26
960
827
387
358
1412
473
932
956
722
165
1428
808
1069
1116
365
94
199
653
1152
144
686
1000
564
1338
507
709
308
55
410
772
1335
368
570
1028
1167
651
430
479
280
1086
724
936
28
1323
1177
1240
1272
631
952
1202
162
1106
497
622
367
13
1186
781
1147
594
950
721
1137
170
1124
601
899
338
945
760
1450
1334
870
1208
890
836
63
129
672
750
241
1046
604
1314
1306
388
1059
471
1329
554
846
795
1053
73
1396
1425
1234
1213
1337
1049
1480
1342
1448
195
1174
1484
1125
1196
465
97
443
620
1437
1005
1471
642
1465
442
1606
101
1061
291
182
72
1474
1338
535
1185
945
1114
612
1363
157
907
1337
970
1182
1364
828
1013
715
143
786
582
1622
1086
417
708
826
140
1516
664
1252
1356
92
347
1070
623
1210
631
1448
829
797
724
7
1614
763
1288
1638
1483
1004
1273
632
1461
1261
659
966
1424
1239
350
905
882
219
80
1477
633
1156
186
1586
265
767
912
1104
1299
88
1573
213
929
1193
374
770
166
1172
910
177
1518
529
41
878
67
1286
432
1506
1302
1417
1607
875
35
1526
1050
556
1514
836
1710
210
1585
721
1467
1233
1400
1564
1048
1006
414
1229
1553
70
1558
1312
357
1025
467
342
910
1573
373
1574
1461
408
76
1579
573
435
37
995
1388
1298
1736
75
954
863
935
1164
1035
794
1000
102
905
79
492
1448
578
609
377
943
1405
58
1618
22
1738
1535
1173
1750
1189
115
1737
211
1539
502
1020
1320
684
1394
875
988
1058
647
839
1516
1370
1189
1419
1103
1382
715
1102
1223
1579
868
392
159
452
155
409
267
1489
915
1191
1254
1747
668
265
935
20
1690
475
831
1440
1408
170
252
1401
536
687
697
1310
988
162
1413
1794
1627
1489
1185
1575
423
1258
488
1589
1803
1549
610
329
1558
293
1045
1262
1421
1008
784
1500
1582
725
1421
1537
1537
397
882
1
1630
999
899
971
1137
360
785
579
1706
1803
449
1270
619
1302
38
265
1300
548
1873
1679
1360
68
1325
552
646
250
1545
1051
1357
821
1113
487
1106
1335
644
649
236
632
423
990
470
714
1237
52
1319
371
390
1287
1021
1875
1173
808
574
925
65
1049
821
372
98
1771
883
622
840
1575
1184
643
558
1545
206
1471
1832
366
81
1775
1847
96
390
1182
634
770
1690
750
855
3
1030
1506
1929
407
1539
666
1224
1826
1051
1170
910
1560
780
1337
1608
199
2
1272
910
1053
745
1094
169
1738
485
921
1028
1464
1417
1537
40
1533
94
533
1303
983
258
550
1934
1175
991
1222
99
1964
1161
1792
948
1421
1177
1568
1503
1203
1252
335
1062
1528
871
836
753
600
644
471
536
490
1039
866
1919
176
1990
1293
189
135
1698
760
1350
2000
887
1382
1720
1195
80
632
828
1190
1520
919
857
1741
1778
1779
1150
1068
867
210
263
1779
1398
667
307
291
336
198
528
193
199
1474
2040
1341
82
1801
1335
258
1651
868
523
436
59
1093
493
937
1641
2067
255
847
1177
589
2071
345
412
1633
1195
571
1645
1302
786
1858
1475
772
779
1455
1408
577
1051
517
1231
1787
186
718
629
1798
766
915
1236
1756
196
813
181
1882
1471
746
406
412
572
761
1099
1831
882
736
1505
926
986
800
122
156
288
1939
71
869
1358
401
1313
902
541
1311
1799
1921
1052
981
1658
572
203
478
1248
1202
1816
656
370
230
1091
1293
441
990
1800
2136
1973
1383
1160
454
432
972
1886
158
1106
387
256
1125
244
1809
1272
582
1443
662
1174
1272
1290
943
634
621
1654
1882
236
2175
505
1466
1409
981
106
863
17
2085
1965
1085
552
71
512
1503
260
87
1075
152
1577
1092
1788
68
1947
2050
108
304
1186
1172
598
586
590
1181
1206
1435
1312
1807
2062
1554
1886
137
2026
263
1941
2013
224
2119
706
386
1997
542
1595
329
1603
1683
570
1624
23
1929
660
1407
1538
487
426
883
288
363
1318
1898
195
2222
2237
1678
1462
1243
571
276
214
2011
2211
654
666
752
1641
1606
1219
1954
1178
1134
2219
1506
1847
1208
977
1222
2080
982
477
1649
1664
294
2015
1074
1997
1245
777
99
1055
1237
1225
1892
178
39
752
1406
1583
1031
2146
23
385
831
476
360
1259
704
1360
1955
2086
232
2202
2117
1746
1433
277
1897
328
514
2265
452
1912
1953
1994
1334
671
2080
778
315
1365
1866
1708
442
1002
1194
1323
746
1765
2212
667
1638
303
906
1160
2171
2291
645
929
1159
152
467
73
1807
1104
374
1594
1098
904
1177
1549
1426
375
689
851
357
515
77
1122
632
1496
1829
2324
662
195
1375
2274
1065
451
459
1204
1469
2079
1141
1995
1061
1275
277
1339
1497
1830
1721
883
1172
613
1245
2346
2299
1177
1106
458
356
1144
2176
1528
397
2214
2328
1829
1534
1455
799
1864
1465
440
1021
939
324
659
909
970
1373
1564
675
300
1072
2011
2099
1242
2172
1095
1351
2155
2301
611
48
2037
2227
2058
103
971
1898
531
1880
1453
962
998
1942
1438
154
247
1577
466
1921
1194
757
653
2117
1486
1524
652
2340
1642
629
291
1778
1212
1238
823
1760
1528
513
2274
870
44
205
1693
65
1945
673
360
692
2017
776
37
1964
795
1806
2153
751
734
1882
1253
2014
791
896
2382
225
2129
207
1786
1624
1588
1537
1300
2075
922
249
395
950
2184
111
495
1167
2051
1450
2495
1152
963
997
2096
1280
428
19
2456
1650
2268
1897
2261
1763
72
459
1928
1348
1202
693
810
2192
204
1170
2269
669
626
208
1284
1459
2000
1504
1433
115
1778
1915
2358
847
349
464
1515
1816
1883
2040
2190
2012
1170
2552
1423
1892
1618
569
2161
2454
487
976
2223
276
2367
1079
698
1463
878
566
2071
44
197
1175
1618
237
285
1372
1384
1185
1945
1504
2097
2372
826
2494
26
2139
1557
1854
1272
1197
1463
2520
9
1044
641
1080
417
2492
2178
63
2281
483
1069
1709
2375
1870
2197
1164
1255
1612
2277
702
989
2306
3
2380
2197
56
541
1278
1198
1946
178
2209
2051
1043
2101
1892
1222
1540
1704
1107
2176
2392
2311
1475
2219
2003
68
845
689
888
943
1750
211
1200
1847
161
495
2220
2112
2192
2181
53
16
1727
2299
2092
776
1671
2384
1279
1864
2092
334
1135
2593
715
2274
2470
2294
1706
2224
387
1467
2584
762
519
938
2670
2245
159
671
706
1895
2243
1361
1301
1295
1512
1082
347
1486
542
51
2544
1500
630
1065
390
425
1866
235
18
2301
698
1592
1486
2442
748
838
2482
2464
2638
1217
1705
2159
1388
816
1401
1912
1465
2176
766
571
1432
2517
1435
596
1423
427
2294
788
1597
1234
525
2667
340
2126
1790
135
321
1963
2554
1911
2180
1169
622
580
1213
502
1977
864
1243
315
1656
1492
843
2254
769
2275
1222
1945
624
5
2399
1819
2586
534
1594
1183
2504
1584
66
1404
1368
896
1747
2746
2716
1297
1082
2524
1468
896
1446
2344
1415
918
1966
2434
2769
2408
1883
971
727
1373
740
2759
1692
408
2091
1476
2294
2521
2490
1402
2650
2411
215
447
889
1613
368
339
1283
870
554
315
2634
866
1182
2815
2599
2376
2813
1607
2252
19
1788
369
51
2276
2773
914
1238
1383
442
509
1111
2369
459
2600
2708
655
2783
1622
629
1068
1406
685
372
1005
1472
956
169
929
2053
1433
1018
533
1940
1086
583
968
2815
2016
1393
60
962
2651
2594
1647
1233
1218
911
2036
207
937
1158
432
867
1234
1645
2159
1790
1675
846
1182
1969
740
516
267
875
2360
1379
2135
1131
840
908
2450
939
915
2883
571
2790
1915
2845
774
2907
2096
2754
264
2089
970
1127
154
2864
1727
871
2769
1844
1924
218
795
950
1220
1986
2555
316
224
2545
738
1118
1826
1539
2481
662
2866
881
549
819
1337
1058
994
2580
2311
1928
1676
1397
1895
2085
2327
488
271
1957
1056
434
2505
2238
2604
743
1529
2076
1616
308
1797
462
701
294
1485
1702
1285
1437
908
192
2769
1167
815
2718
572
1438
279
2149
1553
1918
1968
2148
1946
2518
2140
229
2538
2293
1588
874
718
2970
1605
2555
1901
2085
1260
2788
2658
883
2623
2142
973
2619
819
2020
2030
772
55
2773
2914
347
1781
2888
1221
2280
1494
806
291
1944
2724
2125
153
405
297
2368
1862
429
2316
565
872
246
135
479
430
2327
710
1708
2662
2231
2915
2154
1095
1289
1730
166
2100
1813
2423
540
2575
1886
2694
999
552
1210
2268
2084
894
1016
885
1219
2263
2595
2437
2741
2759
1773
509
2520
2252
