4571
1
2
3
2
6
3
5
6
9
7
4
5
4
11
12
14
13
12
18
14
20
2
10
17
26
17
7
23
3
11
8
9
29
23
18
19
13
39
29
20
14
11
23
31
26
40
40
14
46
4
35
32
2
12
45
3
30
7
33
15
35
11
17
12
50
44
39
25
70
67
13
20
15
31
34
58
31
41
20
71
82
65
68
81
23
76
67
46
75
50
48
79
34
57
63
10
15
99
21
50
76
55
7
65
38
77
32
64
3
83
88
47
83
80
79
71
88
1
75
53
85
53
22
83
80
79
45
23
16
114
20
70
2
69
128
75
106
80
39
5
37
44
126
116
71
131
80
135
5
81
83
32
119
59
113
113
1
37
122
1
63
57
134
10
112
138
75
10
100
86
83
128
52
106
34
24
62
60
120
57
172
74
138
27
118
62
83
114
65
138
107
185
144
36
173
156
21
178
198
65
99
165
106
188
30
150
187
70
125
64
104
100
97
165
128
93
72
158
75
208
28
103
139
216
177
151
162
37
100
166
43
200
105
154
162
64
146
102
103
64
198
199
73
114
72
173
79
226
97
45
210
147
74
101
159
177
31
219
67
8
125
27
122
47
153
21
105
80
60
230
96
226
77
184
146
207
4
231
211
240
17
193
144
53
240
188
188
57
49
253
118
52
120
136
263
292
31
283
26
242
272
245
265
204
148
103
35
244
70
19
288
2
270
59
289
43
200
294
53
136
320
113
238
281
9
9
281
138
242
208
300
263
217
142
37
299
77
267
95
209
138
93
117
342
249
28
203
308
208
215
181
338
77
29
13
18
59
236
290
152
116
84
219
135
47
149
345
130
316
288
277
322
106
108
373
206
109
337
138
96
179
11
250
302
59
99
112
134
291
68
82
70
251
238
9
116
308
176
7
313
136
13
241
48
165
66
197
90
52
166
58
248
22
108
390
237
129
376
264
361
123
124
401
73
181
10
221
39
240
12
138
321
236
265
273
348
45
288
131
100
325
428
367
23
194
24
179
298
422
226
434
19
333
130
123
435
250
196
44
428
61
32
259
300
286
8
65
101
120
169
302
79
47
129
247
153
198
27
5
296
149
449
36
98
411
449
361
139
416
465
90
137
167
288
197
489
250
285
280
38
39
391
300
454
103
192
149
53
234
4
488
416
507
303
369
136
400
84
158
127
192
26
263
160
20
450
438
97
316
197
143
436
5
337
479
210
218
300
469
100
43
355
118
260
195
327
136
55
92
90
127
392
410
339
135
221
169
401
512
31
148
220
210
193
350
185
79
104
430
193
431
61
58
171
6
406
29
170
96
228
540
6
464
484
228
240
520
139
289
393
495
143
564
37
596
36
176
167
75
212
115
161
436
440
551
52
190
125
571
494
600
230
532
461
460
70
106
327
478
318
63
154
607
466
537
292
376
203
185
199
607
240
411
224
417
550
318
594
210
413
179
587
232
195
408
335
380
209
497
378
637
214
518
387
462
156
256
18
529
209
433
285
404
234
540
244
32
18
92
109
55
445
485
212
582
407
364
271
214
545
130
233
62
629
56
505
345
23
433
5
642
390
693
312
661
38
256
255
506
67
408
539
676
430
364
607
141
698
607
239
15
448
237
357
258
492
632
549
651
678
319
633
43
171
362
457
298
343
151
132
375
50
417
160
387
603
278
195
492
52
302
471
227
274
122
515
482
558
276
504
322
571
522
207
440
739
395
92
150
339
169
682
299
682
576
161
103
330
644
490
71
506
193
620
145
559
567
246
115
693
248
230
362
335
141
87
104
261
100
701
131
177
220
447
635
247
755
291
741
139
747
95
649
283
693
628
283
619
14
659
554
461
131
587
240
503
61
445
683
681
472
607
302
409
377
607
555
452
497
699
706
35
734
549
603
755
645
144
232
321
635
512
41
627
504
46
309
316
769
198
524
8
410
329
393
118
83
597
677
196
297
389
821
286
215
272
583
833
357
806
402
832
736
150
601
186
525
692
520
590
125
542
821
486
854
236
181
343
812
241
798
692
564
482
718
725
437
294
319
118
857
604
471
809
97
779
758
32
334
790
126
421
126
110
349
18
218
652
188
737
466
593
879
646
336
715
812
824
832
514
181
327
297
315
686
494
670
830
876
51
188
236
241
171
262
768
312
885
445
340
200
764
919
31
948
421
544
17
382
687
314
324
277
653
655
535
315
485
847
950
356
65
798
316
779
938
473
658
838
526
666
122
690
413
715
180
35
776
441
532
283
130
938
87
524
357
782
527
256
707
99
430
633
277
62
96
831
11
492
361
688
23
318
904
796
966
1015
168
759
945
995
947
924
118
955
613
97
388
210
155
100
60
657
992
1018
21
444
952
133
363
953
383
1007
940
739
676
180
933
933
451
632
544
92
395
943
224
9
124
984
550
182
608
202
1008
337
924
923
471
229
658
527
905
861
393
827
911
7
475
883
929
71
703
133
178
431
257
830
98
205
748
212
505
650
1066
394
436
791
890
207
136
857
119
1040
1001
490
396
955
981
259
1090
456
820
1049
1072
600
891
791
887
38
344
908
926
1060
157
951
774
622
738
1106
855
52
44
235
1042
790
994
425
605
743
1097
1062
40
491
177
453
471
144
460
1120
217
139
618
1134
492
595
387
746
586
915
135
430
16
378
605
1047
134
577
1048
795
208
24
460
1101
235
282
627
109
558
1115
129
443
212
225
568
534
914
988
605
633
555
595
549
158
428
1022
486
930
953
424
790
78
656
1187
747
209
803
159
938
1
1106
728
682
992
438
978
1206
591
1021
1009
246
558
678
717
1184
246
588
243
117
257
461
1068
971
1197
668
1167
497
1094
1233
966
1120
1158
1130
1001
795
226
727
863
696
904
659
209
763
1107
1251
1041
342
745
879
272
167
330
987
831
944
643
428
1062
95
701
472
7
150
1159
234
198
389
528
1024
686
1204
231
15
88
1118
828
345
1004
310
517
928
523
982
389
83
998
978
613
1144
869
189
1121
325
1257
629
1140
1295
209
584
590
786
925
127
960
244
825
1224
925
1315
1004
568
683
1089
1140
367
134
7
951
877
265
823
996
771
1250
254
946
807
531
824
1228
1061
1168
233
450
171
205
343
844
659
727
506
895
1083
305
282
269
870
1056
982
520
692
1268
1282
159
1246
373
1173
166
96
119
1190
1171
495
1187
319
414
808
850
1180
768
1380
1192
961
1357
1267
804
685
854
1032
754
874
979
604
863
1215
1141
831
86
1303
30
1346
747
11
944
928
464
193
886
487
1290
590
1291
603
308
659
1182
226
1033
1401
973
374
210
738
290
188
1188
218
546
241
707
120
341
861
561
796
1420
211
840
1357
335
969
1021
820
208
1097
245
774
641
720
504
1200
1289
265
442
669
352
776
546
484
1030
607
634
1399
1360
638
1004
522
251
970
1102
603
711
1265
1434
981
51
766
532
524
350
984
459
398
1117
1111
11
1035
649
212
1072
608
457
226
14
161
973
866
277
44
688
805
648
1451
290
858
1485
1304
890
1081
1306
767
714
1344
476
585
819
397
63
365
677
943
2
1152
1034
64
1298
1193
313
443
1057
139
982
1078
1421
250
796
568
907
1528
1376
1088
616
713
799
1150
1248
46
1394
1460
1425
1088
1361
1245
653
538
653
692
623
1418
312
1241
885
1486
653
1528
873
463
414
203
271
1316
487
878
1389
602
558
758
419
435
180
629
821
605
344
497
1013
191
643
1379
597
1033
1263
272
247
916
710
137
359
332
1525
34
228
120
1385
666
117
254
747
1391
1595
1105
543
957
836
786
995
454
1387
1047
103
1211
1126
1335
844
1322
1557
81
1072
883
1532
527
118
591
776
31
1172
235
252
249
1021
877
1236
1400
1451
69
55
1492
1582
398
508
353
463
200
1577
323
1526
591
1600
1254
347
352
956
172
1604
804
146
413
1083
600
770
249
1072
205
1488
881
969
1387
1578
1385
1322
1606
742
631
313
561
147
1592
911
784
1430
1634
767
375
1167
1230
1121
279
146
247
1609
1037
845
996
329
1191
885
470
1259
575
1043
226
1447
1617
676
892
523
1315
1421
1016
1607
1524
376
1647
1494
959
818
811
670
726
1434
71
1010
398
1270
5
1566
893
1555
1638
60
234
349
528
970
707
1308
991
1523
1695
1591
889
425
963
792
1179
723
643
899
1657
984
1001
222
1228
287
879
1237
385
1481
589
994
1741
1157
1328
1556
4
1357
1383
804
459
1739
897
518
1279
1187
626
358
114
1708
1037
324
1440
326
232
718
1224
134
82
131
823
1649
614
988
415
1265
1466
1599
558
1677
1673
1332
1457
957
1635
642
1348
297
361
1650
1208
278
1139
1248
333
765
1335
281
471
424
1821
1128
595
18
1315
87
156
613
907
858
726
1670
764
1043
1440
1229
1284
1122
1730
986
609
1433
1280
567
889
593
905
771
1188
542
502
863
1684
790
1278
17
1338
725
521
192
1146
988
1150
96
571
1078
844
596
419
1424
831
1532
1323
529
1183
1363
1740
523
1094
818
783
1504
312
644
1541
245
750
1846
889
807
930
301
1806
1122
1186
120
1818
1659
1357
393
414
490
159
767
335
569
617
1731
1395
640
1532
514
682
1841
1546
1792
1505
1578
466
915
1645
41
1903
263
1534
757
576
1183
906
105
160
1622
705
195
289
1508
134
1183
1499
521
962
35
80
1154
1067
1352
652
732
981
1549
1545
358
1002
301
1778
1819
1453
1087
1237
197
1951
55
951
1094
320
241
1360
1455
299
1629
1388
1093
1371
1292
1174
1306
402
1564
1631
1913
641
1392
30
967
1307
713
244
1846
87
608
464
274
1902
1486
914
1025
1527
540
280
1194
1022
503
870
199
894
568
721
1344
698
1809
966
550
1691
403
756
66
1796
1952
1289
614
1498
1854
1962
1027
1246
3
1739
956
618
750
678
1361
1611
1065
1741
1511
751
1619
1886
1944
2037
245
1654
752
1528
584
1092
178
837
917
775
1522
1752
1402
503
1931
1363
1174
610
350
1333
1585
49
1115
1925
1443
1197
1099
1013
468
1264
324
201
2009
1189
1255
209
835
1998
1238
718
615
190
850
1207
1102
1189
792
709
525
1920
454
1375
238
457
264
1763
295
714
1044
157
242
818
1497
1190
1205
682
1142
1925
1617
1892
193
28
1609
442
1485
199
2125
818
469
497
571
1862
1336
723
147
559
1173
303
771
1170
392
160
1747
790
1215
1760
1132
177
470
466
1719
1016
1912
689
2062
876
2139
1501
160
1913
392
973
1890
1225
1541
1513
1413
1180
1875
1506
983
1279
191
2027
1681
1682
1616
1719
1206
1012
181
1065
1181
1318
326
555
1636
1682
1475
256
1672
1087
3
64
1244
964
1933
1185
6
1391
854
1776
1145
1262
1736
767
693
252
953
316
1406
271
1760
1009
650
1410
683
1626
333
493
2197
110
1442
906
498
1614
1784
351
1973
962
550
1148
1468
466
1149
1155
895
1855
1910
222
94
1923
265
1486
2187
1859
1173
2218
1778
2100
295
1104
656
464
1221
2021
1104
465
1022
332
393
1308
767
539
165
719
934
2075
1043
1208
389
1327
1280
1166
1613
613
251
649
757
137
115
741
800
1768
758
1596
1454
1783
800
236
822
1296
799
30
1217
1596
1633
62
691
350
167
1650
453
1252
1977
1723
530
533
684
1479
703
1973
929
1707
493
1292
412
169
896
2167
271
1481
1182
2188
355
1535
1796
1076
609
2221
691
854
1370
1669
2299
1933
475
1197
889
52
1036
1073
1460
20
1116
1214
1346
656
2019
1542
234
951
1583
1453
2195
1654
319
747
2121
2041
443
835
1015
1351
2361
1970
834
1530
1164
893
423
2048
2326
2000
995
1201
1807
1130
451
1207
1902
2017
1949
1574
786
527
81
1034
1743
1095
1790
968
2316
1020
2068
27
776
1831
2013
310
541
1711
2139
1994
728
2352
1156
1537
752
1345
1407
716
106
553
1814
509
843
1877
756
2111
95
2217
1102
418
1996
2242
535
1028
1438
2251
2059
85
269
428
703
334
818
1950
1912
2439
1075
641
2005
1961
931
1965
14
202
549
71
586
1197
1967
1168
1021
1712
1801
2423
936
2035
2230
2204
1393
1777
1977
13
621
709
2467
89
1037
1010
340
2389
1700
96
1211
1569
920
2365
1324
1064
1297
2419
1525
2197
841
1456
543
1403
733
1463
1364
76
1324
2136
887
1400
2080
464
376
1555
2276
1976
1532
2069
60
1822
1677
1489
1447
631
1215
2244
1231
2468
508
1703
1958
1628
407
1951
1876
1367
1818
1166
1006
1643
1404
1320
1205
1648
1590
542
2073
1361
22
1519
1128
2015
1907
1459
733
1810
2130
1157
1245
1218
1224
1734
2071
412
1744
42
561
1416
1238
1585
2370
1230
976
2275
1982
1341
1422
1103
2554
1151
1905
1100
158
2406
1421
1393
1734
1748
2337
1017
964
1688
296
1096
879
2384
2177
744
193
451
2449
1395
1786
2563
1482
2104
840
232
268
636
2110
311
1620
207
1223
1006
1819
1387
469
1593
857
264
269
211
556
1470
1227
2433
134
1200
1112
2159
751
53
2055
1838
1262
2458
2514
200
278
1030
1993
2021
1770
1184
959
890
682
1785
802
1748
746
246
455
2430
2638
1509
857
1572
1853
1710
2152
2347
2239
1528
1170
1221
2150
183
1944
2385
2337
174
571
82
1466
2122
2014
2010
1222
964
2003
659
2135
1936
1095
2615
1828
1168
70
312
19
2485
462
1571
1114
1958
231
1311
1122
2596
1835
456
622
2381
2540
192
1707
1356
1152
1657
1239
1967
918
460
1766
452
1786
743
1076
1731
794
1329
1432
1047
1118
1006
2506
542
222
2699
1699
541
1319
1113
604
381
1887
955
430
2562
1241
1426
2067
1461
1636
1727
2669
1670
380
2480
602
1231
636
125
118
2023
2451
1476
1525
1872
2203
1942
1862
1240
2669
592
928
2133
2322
1130
1857
2619
1274
1945
2554
63
649
2136
913
181
819
2434
151
1547
998
514
1938
822
1917
1024
1413
1558
467
2323
1121
474
1026
1152
1434
172
2325
1169
1094
31
2045
710
2016
844
730
1475
1329
682
314
404
678
1568
1573
829
2227
1853
2159
2241
1802
1336
1807
188
117
2104
1759
540
18
728
2597
1029
448
1694
1080
998
706
1197
634
108
858
874
2827
1620
1698
1251
1163
1169
2711
1136
1545
1785
1280
99
261
1356
653
1589
1387
859
1135
2145
174
285
1647
1797
335
907
1472
224
563
317
523
9
1316
501
2654
2649
788
1232
2805
1945
1663
723
2094
1446
1860
2533
1669
2632
21
1596
1882
1957
2169
677
2373
593
2789
1940
2347
809
700
1887
224
756
2384
291
2356
2101
2066
1557
2806
327
2798
1359
213
2191
522
2733
2166
1816
1197
376
1505
1645
982
2435
1835
114
2781
806
1584
2803
605
315
860
535
796
2394
1486
2620
1849
2158
2625
2347
2168
1697
1779
900
1164
1987
1462
2119
1360
98
768
388
613
2237
2576
1332
1153
56
216
677
2116
496
2353
93
1741
661
2185
1589
1344
474
2939
154
2957
2358
1086
339
2617
77
815
2061
2104
2084
1953
2055
2355
1673
1564
1549
1214
1690
1727
2851
726
47
1006
2858
308
2182
1996
321
1296
2826
2787
1275
627
538
1247
2588
2632
2847
2464
250
1237
581
717
2103
1879
1282
11
3000
194
2884
2812
2149
322
1364
2375
2393
2175
2676
1740
1875
40
328
856
2376
3019
715
2507
234
74
2885
1645
2666
341
2699
1036
1709
1528
2663
1664
892
171
1303
297
2380
2376
1254
632
341
2099
330
1539
146
534
814
732
1375
1982
2669
832
932
1549
670
566
2508
1843
389
2875
1527
692
302
435
1440
2053
2685
581
3029
201
2278
2382
2308
2772
1507
2674
1629
1044
1389
2798
3073
1550
3013
460
2806
837
2029
1833
1141
2122
450
1046
2435
155
2561
835
2105
2338
1951
2544
2332
1836
674
2534
1536
1939
2583
150
3080
292
1813
1977
1414
2408
1077
1461
2520
438
2243
2127
1677
1725
486
1710
1827
1467
2282
190
2955
1591
727
2603
138
172
2324
578
823
1723
1285
3140
221
1615
1020
962
2247
90
1987
2051
265
2238
2253
1240
2015
281
306
1745
193
2515
1558
183
304
1920
3102
1334
2959
2002
1751
527
988
1248
2191
996
3142
2334
638
686
1539
176
2239
851
2115
1119
82
2297
2033
495
337
2122
2022
2333
1256
2763
644
1872
897
2914
1878
143
2228
24
1722
274
134
1695
1146
2406
1200
2508
78
3065
1153
1576
1736
462
1855
59
2575
1421
2977
1576
2954
181
3089
1441
1033
1122
2742
2580
2313
868
3189
2224
1469
972
1212
2939
2646
1544
1191
1908
3173
2621
76
1717
177
2994
86
2374
1195
2106
3024
2209
2986
1620
2094
232
1808
39
742
838
2254
1752
3050
2303
2867
1588
2651
1614
1263
3095
2180
105
576
2667
1243
461
1843
1230
223
2570
2991
262
2051
1666
568
721
2565
2764
2192
1358
2133
85
1942
744
977
3298
232
2922
2872
1171
3222
1798
733
1360
1104
250
106
2965
734
2599
2536
453
1888
2613
2626
2922
83
2934
1900
1868
2384
2946
329
159
15
1141
1975
2149
1183
105
3085
3309
3140
869
2600
2042
2155
1196
1750
783
1041
2691
1833
1910
916
2688
296
2510
706
2438
209
2600
1305
1285
1863
2367
1732
3026
2001
547
2477
132
495
620
715
1328
3042
389
536
225
1809
663
989
2643
1288
88
2897
99
1679
201
2913
944
1278
3326
360
174
463
3246
348
620
2029
3193
548
197
1751
1555
2308
2052
2575
3092
3017
2079
3044
3377
52
1744
2087
3361
1147
3001
3165
2088
1221
1870
585
435
1598
457
3229
1495
2008
2884
2141
2665
3380
2533
2894
2953
2128
1896
2989
638
617
580
2836
3421
1231
863
2910
3356
957
1122
667
812
826
1698
2511
2059
1712
3387
1633
255
2184
3157
502
2894
1249
1586
82
377
974
360
2297
2754
2285
2631
1344
3109
2205
765
1057
2196
1017
988
2042
2892
332
1564
1363
3161
922
1300
2845
1978
366
2927
816
647
1339
2362
1413
1846
111
108
2500
448
2923
2427
1697
678
1814
246
949
392
2188
1736
2010
1991
3487
1529
3393
1634
3336
574
2441
2818
1947
2255
373
2898
974
639
2130
1145
2981
295
1750
1549
2882
1460
598
2582
1149
3166
1737
2544
1550
1963
46
1874
3272
3362
1836
3186
3276
2432
2263
2364
2312
2018
3358
2686
450
2151
2712
2215
2967
2150
1351
199
858
1301
2296
1286
1164
2995
1400
3502
3509
2007
3477
3095
2325
577
2946
1310
923
1602
2899
1662
2610
3493
2760
129
602
706
2599
3569
17
296
3275
2951
231
401
325
2720
3261
257
243
1748
2186
2251
900
2511
1197
1471
2099
3254
3450
3455
355
569
261
1682
1160
1597
3086
3295
194
3320
1119
831
346
2391
533
1100
503
3579
1452
1422
778
2599
2851
2746
2325
2149
2473
1821
381
2939
163
1693
3127
895
1341
3130
2067
2216
807
803
972
1645
956
2339
201
1360
2890
2006
3443
2549
1762
3612
84
2735
1742
1772
3159
2744
961
2530
940
468
2757
1536
1692
1677
132
2313
2116
384
1842
360
1244
1118
477
1456
3129
710
443
2258
2017
1317
1994
2963
3696
359
1693
3013
1360
1402
1328
1982
2367
1157
3152
1790
2300
397
1052
946
2620
2449
3578
2800
2715
395
3573
3186
3083
309
3051
605
529
3582
297
631
461
2669
1773
509
2126
50
1154
696
1338
1648
413
1950
1157
1591
3629
3409
2232
974
2824
2501
623
1994
2694
864
2711
1477
3412
1277
590
2259
1111
730
3109
2221
3589
3717
2851
326
2345
1168
1689
1144
1504
1711
1919
496
3144
170
1600
2782
516
1724
1405
2666
3787
3596
893
3248
2015
651
2627
603
2836
2937
2169
1747
2008
1079
3362
1564
3498
2710
145
2195
1244
1247
576
2104
226
3697
193
594
1327
125
2037
3013
3186
1656
1322
3795
770
2153
120
2596
1771
3291
3112
3153
1828
166
2002
2161
609
2282
2943
387
3792
2704
159
2464
37
222
471
1717
3013
947
875
3277
2368
1031
720
670
2234
2666
2737
2227
1141
2520
874
1614
2618
1774
120
3566
2562
2978
653
2037
3877
2970
101
502
1223
2130
2916
3862
3405
1101
2198
794
993
825
2476
3532
944
3518
3517
2711
425
2194
41
657
3522
2542
3773
1442
390
632
2017
3016
500
2683
687
1473
2746
3199
938
924
3201
3699
3736
1326
1177
2918
1077
306
2380
1231
1008
208
3660
359
1684
875
257
3353
3099
1909
854
1019
3053
3471
2432
2933
920
3866
849
547
1018
240
1684
300
2496
3605
199
266
597
1778
2491
826
1751
93
2654
985
1934
3559
1006
1804
144
3103
608
1333
55
3627
1634
1755
1508
1478
198
910
2852
2617
2262
2048
2447
1713
2413
798
3964
1037
650
2718
1208
3029
3076
3711
2911
3861
3799
618
3128
3241
2444
3495
1843
3573
705
3245
3962
2884
1465
2287
1146
816
536
3544
3014
1967
534
697
2074
3016
969
1909
3100
25
478
2888
3229
2391
1808
1860
2542
3196
1203
804
3515
3637
358
653
548
1419
3476
2632
3704
3259
3713
3973
1487
492
3201
3411
3915
3441
3764
626
2107
3392
178
3623
417
1108
681
3256
3471
2149
2751
89
427
2902
2387
590
989
602
3008
881
345
436
417
1359
2638
3828
2671
1873
1068
1861
1442
1395
2417
1537
2687
4068
2776
4087
423
207
687
384
3655
2173
789
2972
392
2735
1054
2648
1254
3629
609
27
2389
678
58
4063
515
3673
1513
58
4016
1337
1105
2417
2939
1604
414
3954
587
741
918
1924
2108
1788
119
1497
1516
1120
657
3530
3516
559
2901
2486
23
257
3247
3628
1063
2464
610
967
2978
2087
1991
2291
3865
1457
712
3193
2518
872
3657
3174
124
2870
869
4033
3887
2862
986
3350
2281
1010
3087
3989
1660
262
1776
2939
2535
315
3747
4028
4068
2810
2684
2588
3663
3911
1347
1734
3396
3993
284
1436
4077
3098
2247
2018
304
2931
736
2094
149
1358
3691
655
1977
102
1601
3919
3016
1535
455
512
2644
354
2794
4177
2172
1018
1180
3829
2652
3646
1304
3065
2747
3341
594
3940
145
1620
750
494
32
3571
2642
748
2282
4043
3487
2896
1919
2594
2261
2446
26
752
602
460
2511
3135
16
2264
1466
1643
3711
2775
3366
2550
1979
3261
697
2823
4253
2307
2727
2035
3244
450
1167
924
1366
1913
2075
1253
2187
1781
3193
2601
1975
173
72
3793
2578
3321
2348
4062
2872
723
3884
4130
1378
1018
3230
646
1756
2823
3744
859
4183
991
1522
3140
2348
3987
1745
1119
1731
2233
632
4059
2358
1740
3053
2186
2422
1905
113
3774
3958
2504
3056
3981
2319
2682
3971
3536
341
1757
3410
4190
3577
2426
1525
1972
232
2387
4038
1687
3560
1982
2147
3944
272
1026
1928
2970
3963
391
2922
375
2597
3203
1888
4087
1356
3056
4184
1870
227
3891
4274
2392
2198
3819
731
1376
2605
1801
3582
3161
2553
3250
491
522
4312
201
4339
3196
1080
1558
1019
4308
4321
1085
406
500
980
3158
1527
1231
3257
2073
4161
1040
160
1335
3935
1930
707
1044
436
2627
399
1103
39
3954
2119
1247
629
100
2887
3733
3066
526
2200
2552
3161
275
2306
2017
896
3502
1258
1811
1791
132
2412
1577
3493
707
2588
406
1381
1343
4006
3347
211
471
4074
3374
2043
3343
1851
684
3466
3119
2744
3379
3487
1879
3565
1711
329
1548
2017
2867
1601
1022
2090
3716
2122
2915
880
1186
3346
1932
1339
4393
104
1197
2766
899
1387
3466
3343
430
3773
1396
1662
3444
2449
1304
3733
3752
4240
2612
2092
270
758
595
2657
4309
1260
4313
1174
4172
1476
800
1809
101
2408
662
2950
1536
2165
113
4470
4365
471
407
1956
3818
1828
966
3885
38
1984
4274
3065
2822
1645
266
4295
2432
3798
1046
2176
4403
1170
264
374
887
4013
3335
3818
746
4128
1877
2362
3474
246
2232
450
844
928
2128
727
1161
2847
2572
2456
240
2486
1953
4553
2392
648
3444
1709
1483
3873
311
695
216
2798
3605
192
