4575
1
3
4
4
4
5
7
5
8
3
5
11
9
12
7
5
17
14
5
19
11
8
1
18
19
17
27
14
27
24
10
8
9
35
8
29
15
3
16
32
22
30
10
43
23
33
32
6
40
36
29
21
40
4
4
5
46
19
6
37
16
48
64
16
66
13
19
20
64
54
1
27
55
27
46
59
29
71
57
51
42
22
16
66
54
59
2
71
24
28
70
44
63
27
44
30
19
81
25
68
98
98
96
20
55
27
18
33
82
108
72
91
108
66
56
77
17
53
48
42
93
45
1
93
19
77
45
94
92
3
53
100
114
71
113
91
59
117
56
75
130
3
114
66
80
112
97
149
31
97
117
109
25
37
12
85
139
32
157
68
40
56
60
117
95
15
38
79
62
36
92
169
23
156
138
50
45
119
102
4
172
35
72
88
138
131
56
102
38
91
42
76
156
135
114
166
180
99
139
187
149
71
65
55
78
78
37
77
136
6
109
100
103
166
13
16
24
118
95
102
181
117
149
156
209
77
26
52
124
39
201
93
190
96
20
57
81
68
106
164
109
35
191
23
136
84
47
178
89
43
157
185
52
160
134
146
250
2
149
74
100
18
59
69
182
237
10
148
27
7
134
209
53
148
121
106
46
150
111
82
2
274
119
38
285
171
144
189
271
76
267
141
169
152
44
185
147
156
241
157
258
218
74
172
185
89
283
295
234
229
49
251
104
31
300
67
33
301
253
51
120
95
144
145
40
272
155
53
155
160
152
106
59
314
271
82
220
263
16
186
260
89
84
157
127
107
46
189
4
80
22
114
5
150
197
270
6
239
57
358
135
173
126
290
127
45
231
28
188
202
189
153
48
342
304
56
276
89
327
293
74
70
187
215
187
219
337
290
315
179
385
188
164
16
257
249
300
69
341
186
1
150
70
326
404
208
135
354
372
305
362
340
226
142
242
234
21
261
327
17
315
273
299
390
159
352
147
405
255
143
77
49
324
290
84
422
105
346
370
13
262
319
253
286
284
387
372
80
93
301
335
218
325
244
143
46
429
219
380
336
78
35
43
199
270
393
382
288
60
201
182
148
461
474
211
134
295
54
35
70
430
172
207
185
300
54
478
25
149
214
160
331
158
2
83
114
66
316
242
288
229
52
18
352
484
201
493
358
177
141
49
449
58
171
356
504
479
28
62
364
442
358
99
58
367
121
204
446
37
90
101
156
112
295
72
524
504
23
284
257
415
336
106
308
124
334
399
378
323
305
319
186
66
111
99
179
388
226
342
282
183
206
357
470
89
299
225
44
31
256
477
174
282
186
528
265
352
579
74
440
458
545
167
62
184
10
49
91
171
241
577
216
25
80
461
161
223
468
543
102
341
284
592
568
423
5
390
442
231
292
296
46
160
287
312
150
256
59
226
442
265
575
577
512
391
117
270
309
574
527
117
29
298
95
9
147
183
462
235
624
471
588
169
343
427
242
617
289
153
119
93
292
209
635
574
68
85
174
390
513
164
210
247
606
11
333
33
154
403
481
129
469
140
659
265
291
234
191
182
143
250
596
339
170
44
226
155
545
522
523
326
1
24
60
94
546
603
480
574
397
500
582
147
308
379
56
416
301
506
568
246
311
687
287
305
209
121
376
582
619
477
668
398
76
370
482
572
365
495
726
350
107
551
635
331
118
207
292
309
620
218
43
736
364
543
602
614
480
40
256
294
295
88
441
267
488
103
347
533
661
649
364
189
671
194
60
752
751
618
326
748
90
429
128
349
451
748
93
568
75
611
498
230
317
435
586
761
497
492
449
640
234
297
186
592
766
544
267
287
240
637
788
196
344
230
391
163
445
643
391
779
239
613
764
639
717
126
511
765
742
666
346
707
103
652
37
92
702
640
424
456
529
528
154
441
148
294
160
624
649
774
631
539
454
205
607
173
599
635
224
818
62
632
397
348
659
64
446
156
431
241
701
61
26
556
423
526
266
154
270
297
252
329
440
607
739
642
106
62
712
414
417
798
452
453
809
122
515
28
65
540
57
599
700
20
620
18
496
216
360
640
228
563
840
662
318
669
553
528
371
249
888
301
291
386
853
887
762
200
633
614
134
66
787
320
679
246
184
379
482
330
547
759
513
18
412
236
614
656
534
435
525
733
636
722
65
699
432
752
10
722
881
128
240
612
221
838
198
425
685
648
232
851
30
10
386
502
206
631
554
910
691
645
475
715
970
423
966
159
330
413
70
31
35
277
771
550
32
466
734
539
947
675
180
624
83
258
98
388
924
940
156
723
761
816
446
318
940
993
362
633
960
434
837
318
695
558
997
310
295
25
975
846
236
419
747
387
998
782
581
65
1019
334
831
656
621
351
10
195
480
457
434
154
789
1007
676
820
598
112
487
631
845
147
12
223
114
487
619
754
932
354
845
879
945
604
30
967
434
630
247
424
718
1059
1008
447
990
524
621
113
860
362
651
200
965
1063
159
1076
615
291
677
89
515
252
509
555
557
662
118
422
474
592
347
910
20
490
132
698
813
873
861
957
318
467
996
260
407
155
669
279
85
253
1104
861
1032
529
98
1099
444
115
901
145
574
232
744
23
330
724
88
296
234
171
351
724
843
736
86
1120
815
484
673
561
870
38
246
694
121
955
557
677
1078
778
287
217
8
793
142
1001
76
92
815
178
301
418
599
733
1077
742
946
29
350
847
1026
895
604
248
104
419
146
1094
878
218
1150
443
781
1026
454
1080
1141
47
214
1029
289
1180
300
329
678
360
277
586
228
175
1198
249
1083
105
181
751
1002
112
890
664
1168
44
1221
510
345
189
628
1220
1134
634
329
428
1014
390
1175
257
878
747
701
900
1016
97
1242
409
1163
54
1102
554
321
80
855
570
224
1185
51
621
248
375
1013
253
175
1217
797
880
91
318
269
1041
1140
41
769
1253
1154
1081
52
1058
437
623
655
627
35
983
318
76
928
1045
524
110
81
237
1228
649
471
1034
463
217
728
964
485
1039
973
966
1152
301
804
515
877
553
220
1119
768
900
1090
483
946
199
1319
933
888
746
873
663
1065
1000
540
702
1248
629
669
1056
195
793
93
1027
1192
21
315
1000
974
1093
743
964
145
699
555
1003
1024
145
733
325
929
623
212
635
297
916
684
1018
781
534
1044
516
1365
1164
189
434
449
357
1005
617
375
516
1104
594
512
1014
388
485
1198
1315
1323
697
491
799
1201
639
245
553
1151
1013
205
172
1133
779
1301
772
776
436
594
80
442
227
1093
158
345
1
395
1143
92
1185
463
366
52
758
1391
58
442
540
690
303
298
98
994
1150
1366
190
234
804
1269
784
854
123
542
614
1118
371
143
435
547
1127
1353
329
334
208
766
792
1068
1000
209
583
56
1318
1068
1207
1366
873
108
1246
1436
94
800
1464
1319
1073
867
762
1199
1359
414
653
1185
74
279
468
1012
522
1411
1046
116
1014
1407
1019
383
214
250
64
973
1164
1283
1327
615
1441
661
1352
893
637
965
1478
705
1190
668
593
594
423
1215
1489
273
1334
569
1059
324
59
564
1452
935
1302
1063
57
1425
1260
413
904
935
1408
87
1028
1508
1451
1233
451
17
741
327
677
593
1524
501
449
560
728
1233
936
1469
44
852
31
1281
752
530
758
1157
51
284
1358
140
724
1212
1016
360
734
1514
616
1552
882
1076
543
1236
574
644
982
847
259
1152
140
1384
952
982
651
143
739
1436
902
1168
1022
1166
849
1160
583
64
13
59
480
514
1260
545
439
1385
394
1483
557
1263
724
1458
200
713
1276
1402
667
610
1058
988
1045
1096
1497
1177
275
352
1430
670
92
530
1191
36
812
800
113
133
1013
952
35
1417
249
161
1353
1447
420
1407
145
520
953
666
409
314
530
735
660
1210
532
1129
515
430
1536
153
129
837
1028
541
157
232
95
1276
440
1139
116
21
1466
1506
624
1116
170
1557
1158
82
426
465
1550
276
1584
580
841
48
667
549
498
1483
1033
461
721
1255
556
508
419
1432
49
407
430
439
41
1639
1356
849
563
1543
754
953
539
942
1425
447
597
548
1463
331
1090
1055
1490
986
1101
1268
992
1194
344
1265
425
1670
1643
983
1514
665
54
254
1606
909
1576
834
578
90
406
206
1614
614
122
147
1332
588
1592
964
334
151
1729
1277
1275
460
390
1561
1499
1404
463
156
1343
292
1226
1183
275
517
705
310
1087
1048
288
1016
704
1271
543
1565
1648
917
1338
325
1054
1094
963
1144
1289
1324
900
280
885
1742
681
263
1184
1016
954
1171
904
1297
810
1800
514
995
420
1759
193
357
298
109
1315
656
1367
630
364
623
1000
774
55
95
1619
83
1055
1409
1424
1567
264
1713
311
120
1691
1591
59
481
1219
118
953
1513
1821
377
377
658
977
778
1481
1102
851
1163
286
693
1632
761
1031
109
1126
930
2
1288
175
30
1684
776
1372
1682
1417
95
98
782
1375
962
1291
1485
472
401
646
263
389
88
394
1363
1285
1455
399
1424
1328
736
1647
931
467
440
167
485
1618
486
644
694
651
946
1439
580
1672
1746
253
838
1144
816
916
40
495
1191
610
1667
842
806
1057
1793
292
1510
227
1131
766
1424
1813
796
1079
810
1384
1834
1809
941
1755
1201
1652
1522
1852
1229
480
1416
294
830
208
327
515
85
733
1522
533
82
1632
1428
1631
1566
1206
1012
665
554
731
581
1371
899
1141
546
1718
868
941
1625
421
323
501
1181
755
451
48
1064
1168
1116
1697
400
157
151
352
1460
394
1365
258
1372
1619
1832
512
1873
497
718
227
183
1984
1484
1478
976
1940
1349
146
335
199
264
1292
1441
812
1041
240
1824
135
1259
1016
820
126
1758
1830
1108
1405
1440
138
273
541
1749
981
1417
96
1845
625
358
1876
271
1113
1183
1282
1899
803
540
177
2002
495
1492
1491
425
671
888
1264
1531
2017
339
545
1329
846
1392
677
1095
1749
793
1064
1306
468
1236
570
1913
2029
2009
113
1752
1769
1645
559
1923
1
31
1775
175
1444
910
277
1170
1672
1369
419
1872
157
2028
508
1672
427
828
785
761
479
808
316
567
2078
114
2009
1402
467
658
477
1532
1031
343
1015
1749
1974
1873
1969
143
1490
1291
2053
1472
833
248
575
1081
676
1805
2042
898
1860
334
1852
798
520
837
552
1320
218
1712
1596
859
1899
217
744
745
2012
199
1463
1815
2013
1729
2134
894
938
1192
1602
2082
1498
1754
1764
1447
1354
239
1551
389
884
1813
341
2029
485
1712
1490
1510
517
1123
718
889
1606
933
1112
867
20
1916
1693
1154
1167
262
1234
1438
1265
483
844
749
1525
1840
702
2075
542
602
1981
1424
1522
240
738
1372
296
1323
1491
1807
1656
539
2103
1977
485
797
1096
907
236
758
1146
1934
470
720
866
325
1933
190
1394
1575
884
36
875
401
1712
337
1408
2146
1487
148
1001
1200
2114
2021
311
1476
2212
1258
1884
967
172
1316
1774
2179
2219
2104
199
1328
1190
2244
1003
813
986
1438
2107
1581
1636
1063
2237
1241
733
21
1707
2243
996
2251
584
1131
289
1672
1281
1476
2206
2064
1743
106
315
1837
1526
317
1082
465
1740
913
2079
1951
1732
742
1590
622
1553
1023
868
1726
324
942
1725
1957
1757
2137
2242
1589
75
789
2114
2083
1020
337
771
1525
1300
1815
2171
2029
371
527
1757
423
1099
586
1419
2044
594
671
370
1515
1475
771
1777
1110
951
226
866
13
960
386
490
729
2098
1695
1050
325
1695
627
2135
958
330
1054
1374
1458
494
2346
329
859
7
1810
2076
1000
886
1570
1086
602
648
1726
85
521
1436
1938
1582
70
1505
215
968
948
1416
1285
1685
261
1581
1282
643
1475
431
2201
1605
486
1200
543
254
1276
1646
1381
2277
1112
312
1105
2285
400
1810
954
933
2022
1081
953
1855
1330
704
1478
490
1356
584
686
533
263
1412
2177
1434
543
1123
1156
1891
58
1117
2337
2230
1076
668
1587
2324
164
2179
908
1044
349
1293
752
1574
628
1270
2287
2417
1426
130
280
2252
2410
2432
1705
359
1328
368
241
886
756
73
2094
1426
2171
2096
1951
2109
1372
653
362
1990
824
644
1532
567
909
1998
2243
885
543
791
2238
1350
2322
2368
538
2420
1090
900
2447
1208
232
1300
1288
1042
1486
1237
860
36
28
1034
933
1106
2444
1123
1548
2053
1594
1254
1634
814
400
561
1189
552
925
2442
159
2267
2257
2248
1089
1223
514
2223
317
417
525
1069
2489
138
1381
2242
759
1715
2113
1200
108
620
1180
738
1095
1186
2376
1019
215
1656
1607
1859
693
1606
957
2299
26
2199
346
1895
2048
1151
737
25
1232
1899
4
2534
372
876
402
1264
2021
2528
1358
2366
1488
2190
2307
53
1158
1536
2056
120
2448
1168
436
1143
534
2567
59
797
665
27
1514
1518
2370
1515
1613
441
1540
269
104
1872
1275
1330
701
2085
449
589
1117
1104
746
300
1274
1618
1791
298
970
1633
2511
2344
1814
304
363
657
328
1582
1965
1905
2353
250
1776
2222
2027
1026
2098
2040
2529
910
1589
1559
245
125
519
412
484
602
2424
1648
1792
1639
2333
15
1331
709
2207
1373
1039
2365
740
2251
265
611
1756
2171
1081
217
1279
1853
2239
1099
2442
2644
1753
27
320
197
2420
1052
1413
759
1760
1077
563
1385
409
2334
1597
1187
2646
2000
947
2041
724
1457
633
1041
712
62
2156
1959
1104
1691
1182
509
2036
2152
88
1948
120
1214
1848
1767
2000
958
1169
2289
995
185
970
929
1024
447
2699
1124
2655
1564
1312
181
2547
1871
1134
827
2711
2059
240
458
1867
2324
1416
1590
1889
1837
1987
1896
507
1124
55
1306
450
203
761
1922
15
2354
151
940
1050
2679
1815
2549
1768
1788
321
1728
1665
1427
828
1572
1261
645
549
655
424
1336
1935
2236
1826
71
2678
892
2586
1762
399
349
2470
2764
138
1000
2165
787
1568
1378
2689
1501
2635
2263
212
2519
2511
1971
473
1500
2237
1281
997
972
2707
1733
1163
2792
243
1078
1345
1087
656
2722
1806
514
2358
1203
2325
1867
189
2510
1181
1939
354
1342
969
2773
989
817
78
482
1146
1270
787
2239
1482
233
569
1608
1489
2576
1984
656
1541
2504
683
1121
865
2583
2489
837
1688
2196
1619
450
471
2026
1728
1840
32
1227
2046
173
720
2164
8
331
2289
430
1621
2806
2373
1284
1209
1560
204
2626
1104
45
20
2432
2436
2028
492
720
1583
36
2099
426
1383
1664
1614
207
213
2601
378
1738
317
611
1054
852
357
228
1117
627
2003
2757
418
719
2906
1225
2869
2715
2776
1841
635
1392
992
1074
443
1917
1577
195
2757
734
607
559
931
1031
1406
1322
683
553
1685
2535
1543
1823
131
2017
1305
2104
2872
2830
1284
1414
185
2746
2479
2930
583
735
2723
2160
2132
223
128
796
1925
911
2910
1352
1902
1903
2526
2295
940
1749
2151
2560
2704
2907
1928
354
879
2791
2011
2477
25
1353
1071
266
216
1635
2827
1640
1444
552
2271
2017
263
2506
1279
2874
1269
1464
1280
2511
2644
285
2909
273
386
1888
142
57
2057
1939
1402
983
1419
1866
2675
468
1714
2857
44
2200
917
46
2263
1230
1264
2129
1823
102
1373
2608
1596
171
702
2337
2346
94
2155
457
104
1660
953
1785
717
2611
1043
2261
2246
1495
803
1639
1866
2492
1422
2084
2521
1156
1445
622
2120
1098
669
1301
2770
1390
349
1410
2650
199
2672
185
683
2524
687
2289
623
1265
2988
201
2874
27
365
2857
2906
2343
353
2081
826
971
268
525
771
2050
2808
2318
1031
1939
1050
1444
1148
1538
811
2544
1035
1908
1121
2273
981
806
2790
659
2448
1941
1349
1289
2564
1880
2050
1714
541
2037
554
1217
1090
1722
727
1089
2550
2138
3097
926
1749
1994
901
801
2066
2945
2715
1035
1672
830
283
2460
38
400
1243
1259
2607
3036
2752
545
1484
2521
1886
2328
725
2586
588
2046
1690
829
50
208
2444
1964
100
1371
1504
3074
2480
277
746
2042
1266
2091
1133
998
167
2530
2910
2632
1347
2558
1940
169
241
1886
3144
925
2958
2063
2003
131
1031
2457
1428
1735
1361
1546
2086
2180
3021
616
925
1131
738
75
3097
2016
389
3060
32
2592
1628
2769
2039
1202
1511
1945
2558
2741
1049
490
361
1379
2393
2638
1474
1044
1219
1595
841
999
248
1033
2758
2151
1305
1185
2833
1419
787
1470
2451
327
2243
665
121
114
1720
1168
153
2750
135
1808
831
2991
326
1506
2086
868
2944
1611
2423
3143
2912
1336
3143
72
1787
1669
2746
520
1741
3015
2575
2073
1177
1978
397
522
572
398
1946
299
2473
2105
1928
3266
2199
227
965
850
3073
745
1075
2859
1234
3232
573
1878
809
928
1208
2755
678
2189
128
927
281
536
3187
2667
183
116
171
1421
1585
1606
865
1108
1117
3174
799
706
2478
735
3110
1621
1747
2696
2458
981
3167
868
236
958
811
2971
1328
1734
37
2348
80
3198
2497
2909
877
2435
3264
88
2328
65
1199
1338
170
1523
3211
2810
456
3077
274
3304
1626
525
2503
879
1305
1399
2377
2881
2639
1713
2915
464
714
779
516
1172
112
1666
1851
3163
1584
3338
3034
2193
1859
1645
1908
1473
399
1568
323
2717
269
1129
1120
130
2879
1561
766
527
2322
273
908
686
445
529
2383
3018
1727
3156
1037
3023
1632
247
487
2130
3348
2644
1888
886
3034
2111
2044
1558
2493
1065
211
2007
3124
730
1494
1653
364
2036
294
1737
2019
1925
856
2063
3051
1298
1152
1783
1611
1636
89
2047
531
1879
2364
3196
2458
763
582
545
2301
2422
2750
705
1468
1304
2062
1630
1992
2100
3417
53
2807
923
542
135
684
1299
1298
2079
1035
1939
1940
71
1629
2014
769
3039
3451
2664
1853
2018
1433
2516
1836
1006
2731
2249
2630
1301
2858
2077
3087
2284
424
1479
668
95
2173
1969
818
3506
1383
1454
2047
1509
2144
566
1626
141
564
3313
1912
2315
2864
1179
2211
2214
831
3275
329
565
1310
2053
2768
3339
1502
3114
2834
2488
2233
1734
2196
1731
2465
431
974
824
2599
1736
2302
1257
3515
3321
3341
480
1389
963
1541
1014
1362
2808
2228
2224
1153
1874
770
2134
1581
1332
3377
2487
570
1088
938
3106
2994
2987
48
1684
1299
3190
1315
380
2227
3486
1746
2622
81
2712
512
3151
3024
68
1537
2173
2564
2366
3183
2994
578
1362
731
111
703
763
713
1954
1452
2673
2576
74
3603
1151
2659
3179
1015
1180
59
1667
839
2180
2459
1847
309
513
1128
771
2840
3380
3320
630
776
985
1838
3611
1402
2404
3210
835
983
3503
2849
152
182
2184
1952
793
63
883
689
658
2502
3513
1039
11
2128
1372
3331
265
2197
2501
2284
168
2194
1572
1268
1733
1348
158
3581
3181
2705
1557
2067
3459
1692
2504
3062
1304
1368
3150
467
2104
3289
1542
2168
2687
1197
946
1765
3284
3587
145
23
3482
1154
466
2410
3305
3666
1709
1098
1392
1406
3639
395
212
1309
2342
3016
709
2315
3003
2817
438
1516
3075
3026
3291
3361
1957
867
504
2042
2337
3205
639
2114
2381
2165
745
2357
678
1430
3652
197
988
2686
729
2726
1673
2239
3548
402
2320
691
2422
3366
1535
1886
1649
3433
3533
2553
1546
1098
1834
2450
669
1733
2765
726
2173
1274
3456
3659
3322
2274
3212
3157
2314
2323
445
1897
3260
1538
539
3106
1428
2578
2698
2472
1526
3251
991
1117
829
2074
1537
993
1745
962
3486
1755
3347
3598
2642
3238
2036
2851
1852
1836
836
2033
1449
2300
1774
1615
2692
3501
1737
2481
3674
399
2569
2433
315
2546
1100
1362
2625
3577
225
640
1886
1291
2075
3732
40
1529
1978
1315
1104
26
372
2286
2562
3331
745
3351
2902
1488
2668
3723
864
3693
2725
587
355
43
98
2915
2876
101
1723
1789
824
1669
715
466
822
1049
3550
163
1930
46
2909
2637
2217
2698
986
2740
3735
709
2821
3815
1926
959
1229
3070
1957
2550
2656
2389
3212
800
624
3768
1338
2081
2439
3419
637
842
732
3179
1922
856
1041
1252
2577
2560
1054
1056
2473
1586
3049
2253
3535
2851
2945
811
3868
2599
197
1982
1476
1105
2714
2955
1752
772
3120
3794
2847
3029
351
878
2142
973
2032
1672
3553
1695
2011
3778
1705
1519
1564
2925
3536
129
1259
3280
3891
372
3380
3151
2209
679
2097
3752
3230
2161
3738
2652
2097
2515
882
2406
3209
2500
1515
2988
2387
3903
2633
1803
3954
1447
433
1711
3392
73
1703
1825
3661
871
2315
2301
2919
3333
2719
1026
3666
3602
2435
3513
3498
1935
913
786
311
3794
47
2590
3415
1014
1859
3913
3842
2389
3854
2319
3984
343
3094
3543
355
2550
3310
2209
160
3067
1718
2977
1475
2665
1948
685
2443
949
1557
954
1814
451
1668
225
86
1681
2863
22
800
279
1582
70
519
618
1569
2254
1356
3735
1007
464
2070
1719
2633
1409
3153
340
1607
214
6
2421
2164
834
1982
2426
2216
2296
1970
1120
3137
2501
3858
24
909
3397
1093
1010
2533
2081
1525
694
3
2920
2364
3610
3525
1138
1399
112
3299
164
2151
3432
1273
1483
1979
2960
2266
1483
2817
1936
1395
427
3424
722
3643
538
3391
1465
3642
2784
2734
1702
1339
1721
1854
3495
1578
2154
3234
1354
1966
2882
3595
754
2704
722
1689
4018
3121
569
2526
2085
3550
2279
2001
3800
168
60
1624
2748
2993
2049
646
3653
2999
41
2007
334
2300
1087
2532
1426
302
3267
169
398
1575
3128
3149
3475
3613
4083
1109
13
4050
3998
4021
36
3748
2051
1120
534
2280
2450
2560
3428
652
3931
3902
67
3240
1973
539
960
4062
508
2955
1329
497
2476
340
1910
3553
3682
3419
47
3914
2654
673
2779
1925
1825
1003
3452
3332
2410
757
3754
84
3804
1504
3157
379
720
3206
4144
4147
2837
3993
585
2283
3264
2510
847
3919
1219
593
741
1282
1184
1867
3867
3025
3729
2973
1643
4220
2884
374
2108
3742
3539
1437
3375
1858
2860
2794
1292
874
3433
2919
2679
2527
1038
2891
799
249
2076
3500
723
1248
1189
2894
1584
2433
3725
3477
1244
3541
3779
3545
3874
3840
2939
1014
3789
2919
3990
3992
2621
949
2568
269
1317
1680
225
1511
229
3562
3875
4
2900
2796
4035
2510
3760
3021
1744
1531
1144
2504
3203
528
2527
1039
2818
2681
954
1597
1014
1844
3899
1502
3040
403
1261
2755
2097
1410
3923
2023
3563
2415
4290
22
4249
4314
3969
2855
2465
2212
608
1422
2946
433
2108
2425
17
3551
1094
3207
895
3591
1942
1371
3656
2897
3290
3984
22
2363
3941
2279
958
3575
2642
3523
1076
2947
2740
2380
2913
3246
1157
612
981
2742
975
4026
2991
1549
2176
1113
3782
2947
2529
1625
570
1270
3423
2889
2780
357
1138
2677
1987
2106
2819
984
4374
3174
4044
3907
2745
1133
3736
2277
2489
3579
3243
3882
2699
1727
3466
3362
1506
1945
625
3816
2112
1988
2285
2909
592
2575
2063
228
39
132
373
3828
1712
3676
3994
539
457
1212
183
145
3989
3125
4054
1315
2678
692
4390
3465
830
220
3857
2892
1598
2099
1244
2858
2939
2141
2749
3940
805
3285
2687
4415
2252
2925
109
2699
597
803
158
3098
1588
360
197
3696
981
3783
4183
707
1706
1190
1763
4450
212
1101
2041
3272
2750
159
2230
1309
1827
790
1287
2820
1563
1320
456
941
1277
3716
1794
4331
3091
3768
1132
1283
1383
2103
1999
1893
2666
4058
2758
1576
452
1284
952
2741
568
3652
360
1766
1069
3089
4091
997
4254
3276
1646
65
162
1695
2154
790
3674
382
1685
900
1301
1903
3549
4167
1422
3132
125
2302
3203
3096
124
2367
948
3997
2239
1218
530
3198
2778
2861
4506
1184
4440
1575
295
165
766
4517
2083
559
4406
3637
4384
3231
1762
1715
1861
4462
4478
4107
4514
3121
4494
553
887
1144
2890
3372
664
2456
2406
4350
3629
607
1460
1918
2078
