4538
1
3
3
4
4
6
6
7
9
10
5
13
5
7
15
2
1
4
14
16
6
1
13
21
7
3
15
15
16
8
31
4
7
34
35
33
32
4
24
25
8
39
16
3
13
47
47
39
1
4
38
20
3
42
23
47
2
29
37
49
52
46
60
21
51
58
14
26
67
15
31
56
22
52
11
28
36
71
80
45
60
13
21
8
77
39
45
79
3
27
28
13
82
2
56
85
20
24
11
77
80
48
33
35
3
53
72
73
31
94
7
108
32
105
1
77
61
62
67
12
26
1
87
68
120
47
125
94
78
27
85
106
98
73
112
92
2
96
134
26
59
53
108
70
66
64
18
117
108
100
109
23
101
52
45
24
33
65
96
123
127
51
161
77
96
98
81
61
147
113
105
89
96
124
136
71
76
12
82
143
165
29
108
96
161
168
2
142
170
189
163
149
174
136
38
33
64
199
90
123
87
129
39
87
115
11
30
166
89
167
96
210
170
86
156
32
166
14
98
160
91
186
179
175
84
164
169
49
183
203
112
21
93
62
149
84
215
132
182
48
44
140
150
166
184
229
229
22
238
117
73
18
245
192
216
34
61
141
236
86
67
52
16
207
265
126
207
43
91
86
101
51
222
66
220
61
210
122
169
139
277
89
96
179
237
76
257
255
273
87
75
141
65
46
163
164
13
69
269
171
23
221
199
235
152
239
84
237
240
114
260
85
310
9
205
88
100
263
88
93
236
15
14
87
235
72
192
186
174
96
39
198
1
85
65
266
183
150
240
270
229
232
134
331
31
137
243
218
243
157
211
325
219
16
278
304
310
279
331
86
209
310
71
106
5
342
208
261
229
355
339
41
365
252
231
272
309
357
80
339
298
14
151
52
161
189
176
150
239
255
303
34
231
354
204
333
109
279
126
387
248
27
88
269
282
109
2
18
402
33
390
316
271
350
73
331
131
414
171
207
387
139
11
347
287
287
179
212
34
387
242
195
388
80
251
183
410
381
47
361
388
180
84
403
346
167
57
425
381
138
65
169
178
221
292
365
339
23
168
376
330
210
257
166
220
465
394
113
335
104
226
237
326
277
331
389
106
12
378
30
28
297
319
399
451
258
376
228
229
391
430
2
289
467
173
125
160
145
475
438
334
226
194
322
285
241
84
93
62
313
172
128
31
39
86
338
86
453
88
68
367
67
400
132
67
47
406
365
306
240
194
182
66
517
307
444
393
506
340
182
469
494
33
212
400
121
153
273
312
110
485
344
227
424
274
152
3
339
519
168
33
80
367
490
198
539
385
186
259
477
104
349
329
346
376
393
546
226
334
103
80
384
80
355
12
298
528
163
214
37
552
91
257
82
283
323
75
251
454
479
183
309
533
484
100
67
89
102
521
92
334
361
3
381
578
65
395
259
326
315
422
510
438
107
336
611
6
304
530
533
7
526
272
50
354
477
323
19
232
185
475
475
91
191
455
242
276
404
124
227
58
444
180
248
494
245
410
649
616
320
222
1
257
354
108
497
246
505
144
630
202
431
607
229
435
58
476
509
393
551
82
118
379
62
575
260
664
563
570
19
378
252
572
658
528
343
610
698
500
336
136
580
13
29
117
33
132
426
92
704
236
293
203
100
103
711
73
267
701
403
715
661
127
504
237
684
244
413
382
680
212
634
200
196
83
274
492
200
428
621
455
455
136
124
715
594
270
581
276
420
610
39
365
259
315
523
192
586
7
683
432
725
444
524
685
246
564
36
711
171
66
60
233
495
6
586
592
250
128
415
773
656
593
576
63
604
372
317
699
19
601
162
327
64
609
498
131
124
422
604
499
342
176
757
442
33
720
583
206
51
685
437
79
730
783
531
727
106
248
631
173
362
806
665
495
396
819
650
783
479
711
395
678
218
585
615
344
710
769
602
87
330
340
655
593
79
654
737
649
479
295
297
282
766
274
839
18
379
348
35
9
311
812
758
433
88
403
455
322
704
13
758
14
14
399
727
511
544
412
431
555
499
499
340
837
555
357
198
660
131
237
792
272
204
200
587
487
805
240
506
221
645
758
617
76
904
400
269
646
355
761
761
559
306
666
479
788
782
688
436
342
664
914
271
770
554
914
275
620
885
737
152
899
403
816
936
235
606
102
568
867
149
103
773
756
229
152
428
284
503
546
53
340
220
738
794
339
542
85
903
176
944
225
837
414
685
708
526
230
363
542
618
63
98
739
891
320
798
360
501
901
115
444
544
733
808
33
9
347
276
783
759
719
443
927
39
517
790
37
243
799
76
953
399
109
438
517
220
53
65
988
275
681
399
779
922
939
569
217
56
459
564
812
892
849
440
418
139
461
836
61
908
621
19
831
756
112
1033
367
595
907
621
1022
328
194
845
275
742
777
251
222
117
96
159
347
671
829
562
175
600
798
163
841
66
871
146
788
498
843
43
142
328
226
260
866
349
794
1011
617
245
275
928
649
949
1073
398
805
531
575
984
2
509
566
1078
802
1084
698
557
39
678
596
179
162
661
184
911
812
128
722
87
526
935
575
360
257
506
949
650
453
1080
80
366
541
499
957
736
644
430
698
1084
32
679
478
879
121
676
1127
436
131
952
70
1133
288
653
415
6
57
224
44
385
692
654
146
482
441
72
424
474
182
1142
491
651
481
651
286
979
1129
202
333
894
985
309
639
319
443
639
44
872
492
60
219
864
582
1041
18
630
530
1042
766
358
730
258
912
132
1152
133
701
457
862
854
39
853
926
633
1169
785
1207
576
945
243
1027
905
45
626
855
614
1011
759
925
800
328
643
11
86
308
729
160
316
462
684
507
415
1026
1059
544
571
762
305
834
411
1191
583
954
901
377
400
944
45
717
784
507
600
26
423
734
705
24
822
890
452
1058
136
803
118
1065
179
943
643
48
380
532
508
416
148
95
260
1275
1262
398
437
1256
233
772
212
557
492
1207
593
178
966
602
392
949
965
664
1289
1017
186
266
1077
58
910
722
1048
236
1203
224
93
1180
192
1054
899
1120
861
1309
901
399
821
600
370
421
866
967
411
245
605
669
970
1124
606
976
37
524
1141
985
662
842
511
182
1183
1319
603
1258
387
971
822
735
106
915
674
193
693
34
776
317
645
1312
564
128
210
431
719
321
307
486
762
761
186
541
1268
348
588
724
1315
657
850
1039
897
1074
1353
319
1263
108
52
1179
583
266
515
1017
915
241
45
120
1138
140
176
723
1020
1034
974
438
584
356
25
1218
235
1074
1054
318
455
592
169
368
662
446
1412
705
308
431
204
336
939
647
797
822
700
249
1418
1412
21
592
1103
1273
980
521
1238
489
1308
1430
1307
288
871
176
732
1328
1124
518
324
1281
954
6
597
577
1335
1413
11
288
804
591
489
214
1129
1008
568
586
1218
654
1048
804
715
719
36
738
307
622
194
613
372
1001
950
299
1223
481
224
4
203
60
1377
607
205
534
333
1392
407
84
1429
604
623
1138
1394
1299
1466
212
1468
105
288
221
387
1120
1481
150
466
406
427
1235
257
7
1394
896
1055
915
285
1090
294
388
332
1294
16
1402
180
1076
46
145
1189
867
32
125
534
774
474
1235
851
1037
542
840
795
1495
975
604
1345
505
1533
583
720
925
737
763
931
629
975
1526
1464
1501
538
1267
14
405
654
1357
1090
381
998
602
128
19
389
80
1544
185
1466
1163
748
997
1350
1561
1549
1293
432
1375
1479
55
445
811
619
415
1353
1039
710
269
984
204
1271
875
1239
745
595
1216
620
439
1473
966
287
204
1381
218
498
89
1508
338
954
1593
1075
1547
1410
922
360
1262
111
1295
311
1340
1273
510
203
634
834
601
704
1595
466
1310
1318
1412
104
47
504
250
1033
845
391
407
690
1580
925
719
817
508
1213
225
353
592
1358
1014
359
698
926
968
1097
1670
80
1135
1279
865
284
654
1472
212
368
1345
244
469
629
560
191
1557
646
747
1316
638
340
116
924
127
1605
729
765
618
788
822
1563
1026
20
686
550
532
1205
561
853
1538
1678
1606
640
47
198
142
758
669
1107
306
57
96
114
731
1406
349
159
740
721
1504
1121
1214
929
1044
302
346
125
596
1532
41
1004
1434
667
1024
494
1270
41
635
894
955
263
1480
605
656
147
299
1404
1612
71
1534
1330
1575
1721
622
170
1662
875
1706
1436
242
1006
638
1504
570
1625
238
899
749
1476
92
11
990
267
878
245
1223
15
899
578
1665
1329
1315
1037
599
392
1431
340
1775
1776
1250
1610
1140
401
186
132
1048
1646
1220
80
1745
1729
1491
634
881
1342
1199
1296
1410
99
610
1321
87
57
1739
251
127
280
390
979
632
1390
1288
359
1759
1535
810
1491
1128
443
1307
207
1802
1048
1068
309
592
63
1017
617
1077
1615
371
1659
1395
1230
1181
1636
133
776
617
8
211
1798
1601
490
1393
1242
1272
1391
234
1497
848
1542
1047
553
1115
476
1046
1136
1630
210
267
746
1718
754
721
530
1546
1724
421
1488
778
535
958
1484
1013
726
1025
1048
127
125
634
1779
1414
1168
1419
1326
376
1731
1409
1301
1670
293
551
660
802
1027
799
752
1900
1338
22
42
911
438
1579
1682
1716
754
1136
823
67
1087
224
709
1294
122
1439
1016
1636
912
1639
1897
1460
484
652
149
1780
1269
1024
752
513
511
1900
515
383
1938
1924
547
744
1804
1316
1580
356
530
1375
1959
626
213
908
1951
95
536
1192
1526
1369
1880
461
1350
1944
976
226
1105
255
931
56
1911
444
355
423
858
1340
1967
1764
164
343
1299
1663
1416
115
221
1309
1142
1980
1741
1410
364
282
1155
1944
1667
970
430
527
1349
1120
164
322
882
1137
1811
629
1866
1346
350
781
989
1283
1945
804
291
1109
2021
1441
861
1595
1633
1910
1888
554
829
1897
414
1656
1649
92
1931
1756
523
1249
1192
234
1611
1112
1869
136
1835
803
839
1775
721
864
1168
1608
644
1594
1046
1122
692
1809
1087
1234
1671
138
353
1867
1258
1009
1169
2048
1655
741
877
795
1060
752
185
1678
1391
1716
540
1295
857
2059
1302
2020
1998
256
318
1650
2039
169
527
2019
604
1743
738
234
1839
94
757
1096
747
142
991
1499
1820
990
810
1756
514
204
1282
1225
2031
238
1744
1932
320
772
2084
495
2101
776
1376
409
734
152
696
1278
1220
545
891
1366
828
1854
537
2140
420
471
1163
1311
692
953
1779
1620
2016
98
1662
1902
266
1711
2082
396
1484
1230
291
1606
470
1814
1472
1507
1423
1988
1657
1520
730
6
1870
1230
2007
499
653
125
292
765
133
1108
1806
634
874
535
1909
1165
937
1690
2063
1118
1628
94
443
1325
2172
995
20
1287
1325
79
2005
880
1634
294
631
1201
121
807
334
121
42
417
2209
1781
1507
721
644
768
610
226
811
739
278
888
878
703
1350
1628
1132
2182
914
1969
1250
792
1561
549
1270
1724
883
653
1694
1974
859
1408
1139
1936
1443
1449
2142
168
2064
1577
457
905
1562
1477
504
1164
1007
1259
2005
168
375
277
541
427
748
306
1817
842
1383
783
358
1025
1520
950
957
1285
816
324
259
1666
1217
361
1264
1313
1846
1751
378
1836
125
691
1920
2046
1786
670
368
1888
1447
1980
260
2031
694
569
578
2119
150
1833
1438
627
2174
893
443
2002
498
962
509
1980
1873
1033
1693
2239
1004
1693
1558
1423
266
1823
1201
2326
1426
24
1788
817
2278
518
414
1768
576
2002
975
1021
2210
414
379
1139
1553
1153
1657
946
909
326
1169
1890
1167
447
1065
164
2077
1316
88
2182
865
1930
2329
2127
294
1577
700
606
527
2304
2082
1561
1093
2024
2026
1589
109
1062
2244
358
1452
274
1874
1738
672
1327
2288
2236
579
1640
1679
1758
1299
1931
218
93
230
1192
2260
1551
2266
2015
867
2014
2331
1170
1347
2189
436
276
1508
1434
735
383
1054
1725
1668
413
612
1297
872
1832
2430
1130
40
1179
2368
607
2182
1130
2151
1037
814
79
1968
874
1498
1068
1389
291
595
1235
1801
1513
1572
232
9
1517
1529
229
2291
941
1180
641
834
1725
457
1180
911
1833
14
1025
1879
1731
1018
303
2182
48
681
200
352
1896
1459
2053
1275
974
2484
887
435
1657
1140
1446
1588
1267
2188
959
1019
1361
1181
1339
883
476
875
80
21
547
1762
452
1599
1713
1814
1271
463
1276
1122
52
2254
1249
1244
1940
1856
70
1405
1082
24
1787
1171
2051
1404
632
4
1993
946
1357
1963
1425
577
203
468
549
2059
589
987
2125
529
1381
1298
2030
107
543
79
420
891
1217
846
1537
2487
1858
1718
2285
1722
1877
425
1576
833
747
1741
1597
562
2495
1212
1421
1759
1117
2348
1065
1045
600
1839
2487
328
619
1930
398
353
1811
185
1651
1633
1116
212
1116
985
397
1905
1680
1284
450
1275
133
356
174
1221
548
2600
449
1513
360
1529
1711
1221
765
95
2018
1451
2463
798
164
1352
2033
1279
446
1674
1594
381
2211
1222
861
876
2232
2260
1720
709
2346
1819
580
1048
775
1062
2279
1587
633
986
643
1020
2588
1137
791
936
981
2195
53
1867
104
2505
2512
1217
512
565
21
1665
2083
2485
1401
110
1263
2446
2111
1194
1864
689
2234
1446
597
1710
948
2073
1819
143
2353
2061
395
188
130
2393
1104
281
883
731
2628
1213
1934
1562
2366
352
2384
828
2403
281
112
843
577
1466
913
1549
2085
2115
840
2629
2239
665
1420
1350
188
2606
2241
2537
1262
1399
2188
596
986
112
1563
2162
879
2440
292
2268
1832
1367
1774
728
2023
540
977
831
1658
1163
859
1987
1635
2294
1093
8
1461
328
688
559
2393
2514
2046
310
365
747
1919
246
2343
1818
24
1897
1830
816
245
1376
1652
436
795
780
1627
665
100
328
2260
2029
1332
2633
842
2336
22
1975
2599
22
2728
2757
2707
2120
1672
919
1021
345
998
55
381
2268
2623
820
718
374
1524
1659
146
563
1453
1121
2019
456
2101
427
1949
955
2401
1370
831
1382
1
657
1451
1006
428
2613
539
2405
1145
391
621
1053
517
34
2725
2280
900
2704
2584
2213
570
1457
1064
1836
661
1874
2025
429
1172
41
1667
1211
927
2835
846
727
1163
1995
676
2552
709
2713
1701
495
986
1837
119
147
2121
1584
2247
1293
969
952
2423
2247
1793
227
279
1979
1139
2553
707
36
2369
737
2828
902
1105
11
467
530
2015
1456
825
1689
2752
1324
1804
2494
542
1663
2110
583
854
346
351
371
451
1285
1076
828
1908
919
2868
1416
619
2770
564
72
2354
1822
28
559
1750
1555
2003
1236
1558
74
207
1048
2309
705
1361
1002
2827
705
1613
739
715
11
2193
1700
1851
1971
2645
2133
33
1168
286
226
2873
1901
737
1732
2594
994
2264
2080
2261
452
2557
716
1771
1788
2926
2835
2611
1564
2360
95
861
2681
28
1433
2350
2571
1376
169
1420
799
2581
2948
1185
2913
1343
2394
103
2516
1979
530
735
1856
1769
570
2197
1311
1834
1907
1478
920
640
249
2843
2239
2972
606
395
2302
32
1922
2300
1622
1277
1696
2408
1509
1701
2263
667
871
1967
1791
2030
2905
2742
1125
112
1082
2754
966
2127
2408
749
2279
343
2505
1724
1933
1131
2960
2953
1334
1939
1761
2619
186
2939
958
1781
2270
2464
3026
1642
1515
2933
2614
1901
2060
289
2805
1834
1522
1840
944
2872
685
252
106
64
662
1685
771
81
2990
2381
1348
1762
1572
534
1718
2263
2998
2974
576
169
1046
2573
1334
104
2206
1263
3007
2586
1039
3033
408
1050
565
2260
227
1552
2234
1018
467
1722
2412
1274
1957
1186
1355
2302
2597
1091
957
2651
304
1588
1488
541
2215
2827
529
1595
1583
1851
1140
95
2570
1776
190
1570
1777
1596
2951
231
678
2379
2140
2178
575
919
415
2299
2640
1411
484
2486
2391
2526
1902
1005
1166
2572
1690
2659
2463
654
2884
673
593
884
2064
2314
698
142
985
2397
2057
1937
1347
2847
1759
3083
3121
2057
420
2537
2853
2527
2554
2792
48
2936
737
2709
1270
2130
1131
1547
1926
2230
320
783
3047
180
2398
1791
969
1158
2789
257
932
108
69
2711
2754
2100
1247
2802
209
2926
597
2339
1979
1610
1490
209
930
424
1973
2812
2156
2725
1521
1826
1045
318
3070
2190
303
951
601
2551
934
1257
1817
659
3071
390
3162
1871
1499
1210
2544
345
188
3007
872
433
2078
2462
624
2711
2881
2688
2350
882
229
686
173
1307
1490
1461
2189
2212
2735
14
180
2144
194
2462
1198
3250
2696
1507
2491
1990
1571
1401
773
2944
2357
1148
2302
1314
2453
49
1979
496
1339
805
3127
1520
2883
1527
1431
2348
690
1623
868
4
2416
1536
1885
860
310
2601
2029
1955
2396
3235
2960
3175
715
1616
3153
2516
2147
1071
1102
1175
1162
1884
1604
3145
2052
2818
3053
294
907
399
806
43
1589
2910
450
1306
588
1361
1791
2187
1443
687
1920
1742
631
471
1545
1336
1297
3001
2536
3184
2834
1010
1214
2414
1694
3153
2940
2013
2732
1981
555
1171
1419
1019
1164
3191
798
2667
1278
1930
1544
2449
693
910
3271
2415
1468
1714
1556
376
1145
230
1816
2411
2974
2168
2484
1935
1790
1060
1350
1158
1621
1840
2763
94
2349
2843
1262
2942
713
2701
213
2482
220
1541
217
2349
2962
484
1306
3298
441
393
879
1273
619
2017
1913
2657
1230
3187
407
1683
3137
261
1295
2489
1337
969
2973
2529
2484
99
818
3336
875
216
1229
1432
67
2694
2355
2627
2632
492
2160
3164
2291
2473
2710
804
2875
2394
2813
1740
3045
3341
2313
2780
3116
1638
139
1526
1535
2335
2939
2287
185
445
2001
3424
2653
1451
2954
2178
3193
3162
1472
792
375
95
674
2616
2284
1352
547
2345
14
559
947
466
2696
2842
848
2754
2784
1544
2767
493
1609
1676
1121
1886
2633
3474
476
555
2091
2682
1359
2953
84
1265
508
2754
92
527
1813
1941
401
3154
3393
3477
2315
1305
426
2295
2189
1935
1321
2202
2418
934
1461
2410
1430
807
2037
2968
846
799
6
1047
3455
3342
465
683
598
77
1870
1456
1137
228
1237
1439
2746
2523
3156
1490
966
1787
2083
2056
713
2750
2211
469
2202
1678
56
1185
1935
2507
3102
459
3502
500
313
2250
3344
1296
933
2554
2902
3026
3013
2421
630
2836
1599
1099
205
3444
2589
2446
1837
324
1976
1727
2528
996
350
3577
3060
3076
3308
3191
2038
2945
1154
2097
1955
3296
3021
647
850
70
2640
2602
2918
729
554
474
1100
1272
1794
315
1630
46
1191
2123
2761
2170
1384
2314
3379
2249
2344
1146
3349
917
2771
167
251
703
2245
347
2034
2068
658
998
244
2087
822
87
505
3008
466
392
1395
781
2444
3541
1859
352
1268
2705
200
1772
919
2351
1028
1122
199
631
511
1775
1666
434
3444
2001
1158
2700
55
154
2193
2302
3104
829
1270
2078
1044
2888
733
809
2154
1122
1890
1451
1917
13
385
2161
1056
2598
1195
2831
1692
2437
1413
2172
3401
2532
2256
995
577
838
369
1028
2981
2878
2203
1065
1505
273
921
2933
3064
1424
1815
2096
621
2390
2008
670
2508
3301
3254
2879
58
3345
2320
3311
3545
824
2186
411
487
874
801
254
754
3170
46
2010
1142
1356
3627
1635
517
1998
384
295
2517
1613
2683
176
512
12
1004
2747
3655
2116
1328
2638
3260
2323
591
1618
1892
2749
2142
2981
2357
959
3283
1930
868
101
557
3462
684
778
2122
2895
3196
1745
1860
2416
11
2605
3671
2110
267
3034
1224
2531
2883
3627
1288
1938
3177
2929
3550
1644
3696
1876
1640
122
258
68
3811
1007
3269
2113
3129
1000
2099
1564
2054
500
2196
1929
1853
2492
2477
904
1589
2621
2565
631
2639
638
2050
3778
1547
649
3240
3475
2263
2188
1732
1750
563
1755
728
2868
2909
3790
1834
115
117
975
2572
3108
3236
2536
1635
689
3467
3334
1890
1616
3216
3488
3393
357
2644
1187
1217
2023
3393
2141
2137
2483
346
722
1544
527
1745
2227
436
2996
3644
1234
3633
282
74
2367
2402
522
2807
2946
2926
3828
1202
3753
3042
258
169
1766
1165
1258
3880
2622
1462
3724
3427
3127
2546
3252
384
3884
2541
2126
2530
247
1532
105
1814
2152
3920
2753
3059
2390
1948
1350
1087
2798
1199
3697
110
3511
3122
1584
342
3281
1335
3700
3003
3014
1400
2038
2758
1646
1890
959
2516
137
2919
3682
1855
3687
2515
1326
1904
786
1043
3881
3906
1145
358
3408
1983
1928
442
3832
1737
1968
3398
813
3388
3862
109
951
1149
3269
726
2510
1577
1812
2979
840
959
3918
704
3104
152
738
1081
1999
3847
2861
348
2217
1337
3687
1853
2713
3754
3253
1650
3709
772
1641
1355
1678
366
1966
1381
2560
604
3766
3828
4015
1893
824
185
2260
151
749
1402
1296
1335
1451
804
1158
1223
3504
3991
966
2421
1978
1360
655
56
1390
1176
1520
2881
3202
1901
3747
79
1551
3979
2408
25
926
787
2991
3203
4017
1620
3853
3392
2393
3915
998
492
3735
4058
3963
1126
496
3935
1154
104
2942
3965
1993
2407
3166
3402
1980
302
2877
288
2495
1878
1656
2039
3502
3492
3643
314
2852
383
1029
2220
1911
3204
3476
2206
1661
331
557
1378
3917
3052
78
696
1457
814
2822
1631
1775
3513
961
2717
3817
3645
719
175
3329
1919
3273
3015
297
1810
3844
3844
3315
2205
3657
1757
2921
4134
166
2077
87
2106
2635
1593
2098
1638
4006
1998
2574
2738
2985
1546
1480
168
2233
3219
2529
11
1802
3532
1244
2404
3267
1897
3572
2003
2183
1846
3383
3747
718
1308
3239
644
2215
3080
3997
4006
2553
1832
3982
457
1052
2296
2052
1599
2200
3369
199
3970
1075
642
1772
1604
142
3505
3240
3733
3529
669
144
3497
3820
1201
315
3177
1517
3475
314
2310
3769
3317
413
2254
3019
385
2154
4219
4005
2576
3560
1058
2992
23
1274
2611
434
2030
1805
1815
3743
3651
2677
1140
3336
2053
4028
4039
2050
307
2392
3908
3056
1420
2088
2120
1547
3045
3601
1187
4244
1710
4046
2541
1079
598
3027
3788
137
363
4182
3689
302
2010
2990
1581
3469
1387
3466
2807
3439
3434
3863
3123
2281
632
2128
27
1550
2180
1183
1991
2771
3796
1010
2382
74
3042
2798
18
94
375
3744
1723
2222
2010
853
1857
2688
2360
1819
3452
3342
2560
4157
2801
1626
1433
1868
1534
4267
1794
2508
1491
2233
1515
4125
3160
3120
708
61
1748
3420
990
1535
1993
2988
4310
2275
1872
1217
3107
3562
984
8
2811
1373
3123
4318
1544
3703
2033
3519
3533
3389
3788
4242
1668
2276
3801
4350
1749
2606
1739
3944
4041
648
3391
2973
211
2741
4088
3177
2096
68
265
1183
613
793
4170
1079
1872
3642
3367
1079
2728
1220
765
882
64
3948
486
2381
3926
363
1448
235
2569
2941
1366
2119
3055
983
4085
3187
17
4003
2934
2264
548
3366
2031
537
2540
2951
3116
806
3622
4030
3479
555
2419
3545
3073
281
419
760
730
3739
1548
2144
990
1483
1480
1024
771
224
3124
2763
1404
679
315
3744
3429
1509
143
1204
1048
2253
640
1020
1258
746
1331
1735
368
1947
1741
2403
3192
627
3349
968
553
4059
2621
1361
1432
1585
2020
1528
3230
1036
4071
674
2326
1608
1776
262
3423
4130
454
3047
1206
1234
146
1389
1476
355
3945
4257
2056
1590
1186
3997
981
2158
4190
430
369
951
3627
288
124
3413
4165
1685
3397
71
51
3447
3960
1658
157
3034
155
3355
1103
3648
1227
2487
2453
3642
2329
3410
1688
2615
3403
484
1004
1896
2593
1837
311
1754
2977
574
2871
2772
2854
1174
1380
782
2512
4317
1888
3121
