3994
2
2
3
2
6
5
5
1
3
3
4
6
2
2
3
7
16
3
12
19
15
3
23
11
3
5
17
12
25
23
11
23
5
28
15
28
25
22
24
28
8
14
29
6
37
2
9
10
19
41
2
41
48
53
23
47
35
17
6
16
1
63
8
53
22
39
18
69
46
2
66
44
7
42
47
63
20
28
66
77
61
75
25
18
25
14
63
89
25
25
14
35
6
16
89
35
50
5
8
48
86
101
77
18
27
12
36
94
104
25
13
70
76
37
51
9
25
112
52
36
119
69
58
56
71
109
60
85
111
63
30
91
50
115
70
111
25
48
22
35
18
45
85
45
88
89
102
19
144
148
94
133
21
106
110
73
70
19
8
116
43
9
116
39
109
122
99
108
103
153
139
25
164
142
59
44
89
154
30
105
168
25
120
99
13
52
177
71
132
134
37
162
44
38
34
160
112
110
182
31
116
118
44
200
30
77
166
204
166
125
209
69
50
124
178
117
17
131
140
179
210
48
133
94
119
32
20
146
10
152
166
153
232
148
189
110
140
112
190
116
75
10
102
118
225
51
164
133
14
192
120
163
170
21
104
30
71
105
54
150
151
250
149
263
132
61
220
51
146
147
230
63
240
85
228
137
175
59
169
163
1
52
128
108
159
260
201
179
159
150
37
220
151
158
198
55
45
213
229
131
154
243
112
17
83
303
83
15
149
173
95
119
80
175
311
72
48
186
85
87
174
216
236
91
273
167
25
107
146
36
40
320
38
238
72
15
164
81
214
109
36
133
83
258
229
200
226
216
156
150
216
179
90
73
266
261
145
183
41
231
74
329
278
195
128
249
65
323
358
222
155
310
142
284
279
270
285
30
37
5
65
325
44
248
97
78
260
25
65
257
2
374
125
156
325
298
146
319
318
194
262
194
142
131
399
57
315
252
27
47
388
257
96
399
288
177
170
406
398
361
64
164
333
267
282
395
259
171
272
68
59
197
356
152
166
262
114
292
11
226
434
238
177
375
191
87
321
445
378
121
400
324
124
237
268
222
193
373
158
164
219
24
158
337
18
363
364
19
224
317
237
234
263
274
247
217
327
220
30
191
367
357
16
402
276
421
443
182
365
458
458
293
387
91
173
316
58
184
428
278
371
281
38
171
223
123
282
154
237
307
277
460
128
336
297
408
287
88
216
407
283
500
393
522
72
140
28
371
82
170
309
457
373
415
26
62
154
481
58
284
368
362
32
11
114
182
326
388
328
94
377
517
482
65
324
456
46
180
35
177
494
252
143
285
54
374
251
353
6
97
484
325
301
304
545
545
93
240
233
14
476
77
299
384
407
232
190
372
413
489
154
462
565
244
477
292
121
73
486
461
371
266
424
489
8
34
358
250
139
273
130
185
144
119
503
128
255
411
110
225
412
514
423
616
133
622
605
409
340
1
275
472
214
228
299
159
466
422
354
211
563
573
600
530
282
553
522
103
407
647
172
341
518
545
329
532
362
624
139
148
650
381
503
243
642
488
604
234
88
369
602
193
71
551
578
621
220
529
531
472
239
28
124
439
527
599
150
540
409
198
620
206
463
31
76
35
489
655
279
335
601
643
214
473
153
589
341
5
420
692
105
485
629
428
478
312
401
660
693
94
686
100
249
256
524
665
87
206
377
443
151
340
487
673
168
532
36
692
405
77
298
707
266
604
385
409
601
616
205
308
91
605
591
204
162
305
370
396
299
209
215
538
157
548
640
605
521
476
10
725
507
330
540
48
259
673
248
418
576
36
622
424
199
500
247
96
718
456
515
469
615
305
43
425
184
735
769
255
580
633
113
634
296
250
298
97
127
577
571
221
465
73
534
267
793
470
138
249
51
740
596
510
550
190
393
322
57
785
353
20
761
84
297
273
780
453
271
198
259
453
353
474
467
519
367
229
602
763
146
739
355
368
389
691
168
658
322
767
649
551
367
88
155
629
68
101
262
8
42
279
131
62
766
840
524
426
874
675
475
674
235
434
117
852
740
192
734
729
129
328
40
19
703
798
5
642
318
653
287
515
847
513
643
615
68
123
639
588
740
531
838
793
148
694
155
261
765
375
839
294
26
465
138
821
584
798
380
121
376
109
266
806
294
353
366
60
594
452
111
223
217
543
874
381
925
157
353
353
884
687
754
773
552
286
184
59
917
777
710
244
113
426
426
512
518
443
701
672
71
122
258
781
970
492
630
580
437
72
418
673
174
575
326
848
488
850
704
144
417
462
276
596
223
263
119
44
578
337
950
307
659
498
958
629
968
722
558
589
222
381
516
809
320
92
355
157
341
396
399
591
219
1008
238
833
176
1023
314
309
28
502
506
231
686
5
413
117
576
827
669
122
638
702
521
695
51
457
202
749
992
141
22
800
823
435
811
698
250
943
406
768
221
215
905
341
584
554
743
12
233
161
785
865
755
667
636
333
899
906
81
321
51
157
162
675
622
273
143
229
71
957
432
788
111
1049
1020
737
518
655
602
968
776
362
990
135
509
3
888
60
848
998
145
745
910
684
818
589
325
679
1029
278
235
670
456
364
611
721
642
375
1036
713
894
424
566
1122
967
868
521
132
460
1013
492
894
593
235
1030
572
760
624
650
95
207
953
356
637
123
752
283
727
583
362
605
263
150
765
869
902
576
1035
335
1030
513
108
1001
873
798
382
584
830
777
775
753
201
576
783
1172
594
827
186
911
460
950
525
546
934
128
963
483
860
183
928
1181
1049
919
1175
329
647
654
718
790
46
216
798
982
385
519
16
710
609
398
1161
777
604
799
961
227
341
160
568
853
597
382
2
161
10
999
145
6
750
857
1211
179
52
486
854
192
646
645
837
784
1174
45
535
1061
1077
282
697
17
399
340
673
346
1190
1050
769
57
485
866
1185
1156
240
844
144
434
422
788
669
412
939
266
97
325
487
165
675
1000
1223
103
909
142
1089
556
1024
208
110
18
834
587
297
302
1092
219
646
756
1046
1110
310
219
609
1193
690
806
949
309
1253
642
1207
828
1173
116
690
679
551
635
453
1129
231
1102
185
696
823
636
315
762
512
630
197
862
645
705
1016
341
921
1078
591
888
662
281
856
234
975
338
232
1035
1096
867
264
1065
524
521
1093
96
1103
15
603
126
379
813
736
901
601
1256
64
490
356
747
400
943
1277
105
1124
215
559
107
1104
351
1321
462
1241
406
313
419
991
1256
641
18
1377
323
797
307
1054
1158
544
1181
869
305
152
205
185
1210
1167
1039
764
275
395
52
735
355
272
1078
952
295
1225
795
287
1359
662
885
1225
498
1231
68
1206
438
546
826
1283
692
251
87
715
19
1359
1082
1392
861
1323
1381
570
51
994
1451
854
550
398
1292
638
390
635
1191
507
1236
234
1153
577
807
473
1397
269
100
1024
635
554
369
3
438
690
386
166
1214
1132
857
598
721
830
1077
1378
1326
1390
1304
1173
467
1475
197
490
69
368
52
374
973
519
671
1367
1384
1412
1068
841
997
100
1185
1185
575
166
269
1480
774
717
882
1222
261
928
1262
1239
1443
427
510
92
782
528
1118
1212
241
535
666
359
36
988
1091
1526
1352
926
962
142
126
426
720
866
153
29
1084
206
1190
84
884
1236
1152
1268
1171
1104
1203
1022
877
511
1503
758
277
652
500
1285
947
866
198
843
1287
139
412
917
92
67
1397
1492
570
283
943
343
1326
1223
1023
499
269
619
229
622
724
635
787
939
504
1150
978
52
810
429
972
1390
988
1197
426
1134
1267
1549
1563
1072
1233
1084
387
862
770
626
136
905
248
960
1274
518
1480
198
1406
1348
687
999
1007
1499
81
1208
1161
82
990
178
544
1084
91
1397
1064
1573
988
1542
1076
1546
501
1196
457
1568
800
711
1063
953
906
341
1306
826
709
1440
1176
824
862
1107
436
382
1510
626
593
1046
1305
691
621
698
1399
759
694
449
1242
928
1084
1316
1548
664
240
1430
1441
205
366
221
414
969
879
433
888
172
1621
110
948
352
1644
1254
529
186
95
163
285
209
995
250
364
1647
1493
1014
1369
1459
1378
306
376
733
1127
1506
389
1596
1470
1294
1066
1277
187
254
519
332
1184
1626
1002
91
1602
420
62
1429
1304
945
1094
1404
881
725
43
549
1236
710
221
837
1001
1177
93
1026
129
1157
848
525
237
416
1468
1316
523
863
1635
270
1749
753
226
691
1301
264
1030
1103
772
1604
1358
452
763
499
370
13
166
237
858
157
565
1705
1330
1118
374
667
1530
260
727
1080
445
14
494
614
1634
231
897
908
459
1802
130
18
780
494
127
171
1719
1175
1148
235
98
127
827
147
884
562
811
150
105
874
1593
719
379
1778
1170
1627
775
600
955
546
1214
581
1643
388
719
172
592
600
1131
1481
598
1460
1770
1674
1503
1453
1323
460
231
1736
228
850
171
1619
593
1471
457
345
1039
1746
589
370
864
1209
994
998
378
522
1546
137
1133
751
689
646
1457
751
391
299
802
500
541
1838
1567
1221
534
79
601
1092
991
974
137
534
758
1296
1135
469
945
263
457
1819
899
58
1104
285
945
99
1839
1582
1018
1031
408
135
1628
244
1182
1871
988
919
1033
1902
405
475
811
171
1038
665
780
1002
331
587
1725
685
869
787
876
1087
713
1849
1762
772
1947
653
1415
1393
819
1272
1223
1495
578
530
715
373
1902
932
684
1877
22
1819
273
162
790
295
846
1497
1792
290
1201
1430
1628
289
189
1129
920
619
1201
281
1454
752
166
1081
226
1148
387
885
561
1736
1713
1285
208
186
1456
561
107
465
780
205
1555
1610
1210
247
1535
60
580
262
927
696
413
296
585
271
59
498
1294
1476
1737
1587
657
1817
565
1922
385
1840
932
212
1179
374
21
886
2022
1356
355
24
506
1333
308
1855
1429
688
1085
880
92
1313
1682
1121
1080
844
1538
777
1872
1028
1357
909
420
1345
1547
1947
217
290
335
1406
253
1826
1344
1154
1047
1482
1030
911
2011
1497
533
1017
80
1153
459
1018
403
941
904
971
1952
232
1712
651
1891
1674
948
1808
2096
783
1192
1137
1699
835
1807
154
607
931
804
1169
1716
1143
1498
1203
1280
305
1396
249
1801
791
1388
1101
143
1122
1639
493
565
1978
668
1679
1251
1118
1439
914
557
1643
496
1163
1971
1045
529
1302
518
1783
1572
793
1049
17
296
2063
1332
2063
1250
1923
1034
1954
391
1846
1858
970
996
406
83
1580
758
1107
2049
1941
903
1737
1304
214
787
1485
1802
893
868
377
993
1919
2174
794
180
715
80
123
185
2127
1899
1426
1549
324
1173
1685
78
397
1542
1465
367
1414
1681
2027
405
1637
593
1723
959
766
1625
1437
1114
1698
995
1483
1676
159
386
458
1256
1117
1769
389
1282
1457
443
990
1694
329
1816
671
2220
1901
325
1382
795
1395
780
182
1153
1387
1160
371
2041
1617
890
431
798
1987
986
2029
1818
262
149
642
263
2170
1564
1197
614
287
1686
1062
1989
1803
988
1112
565
634
1550
902
1964
1271
1083
387
424
1659
1770
307
555
531
1344
1807
205
2119
1179
1028
1447
1342
2180
4
657
1440
1596
823
2150
1637
2213
761
2037
2108
296
59
1450
638
410
1057
127
1200
1830
2305
1429
882
377
153
1427
373
43
718
1863
2074
1033
1593
437
1449
1810
929
2148
1891
1771
2234
214
682
1523
1540
1580
899
1816
1538
1508
1286
2222
1720
124
1865
275
2071
899
663
92
460
1958
1827
1740
912
2310
2144
2238
2003
1310
2136
633
2268
1368
2265
1872
1632
1210
1976
661
1147
157
1088
187
75
566
183
459
1444
1723
1908
1588
711
2166
970
238
166
9
708
89
498
1211
76
156
1341
658
369
202
2013
1594
303
674
1615
906
246
763
1463
1576
1036
322
2349
1353
1188
523
1058
2371
812
766
589
1582
90
2376
1977
1839
1880
2313
1470
353
580
805
2252
252
2348
1524
935
1587
46
1594
1953
1824
208
1395
2079
1106
1658
52
1784
731
1049
544
1870
529
667
1472
1332
2034
1418
2419
190
1715
1706
1422
1847
554
2010
2192
2220
1587
2315
2178
499
932
1964
680
2308
1411
1931
411
1199
2363
1815
1684
12
1667
738
1637
2103
301
1095
1386
916
1312
1553
2427
1265
1148
1176
1283
521
1717
528
540
1000
223
1614
261
1888
1696
1005
1297
817
2280
1018
1352
405
1182
2242
859
1567
1941
306
1163
527
1759
1678
377
1777
445
1934
2443
1113
301
2063
2296
1935
1957
2150
2345
320
1528
471
819
1037
947
869
702
114
2218
1576
2257
1355
2046
1271
2305
665
1762
1305
538
728
1594
1584
162
1745
1714
28
634
1557
1615
836
2156
16
1601
335
720
2476
2424
1971
802
1888
1527
817
146
1807
1800
461
2381
886
2035
292
698
1503
580
1487
352
295
873
2464
71
2528
572
231
551
2183
647
2224
1243
636
2541
1871
61
872
593
561
1281
196
1890
788
1857
438
1331
2379
211
1855
728
809
308
2388
820
97
905
630
2310
1650
2438
1851
420
348
527
87
1342
372
2170
1633
2536
2515
1353
1999
32
60
896
935
603
799
2042
2353
2543
952
1799
162
1466
721
261
239
1826
2656
1907
1862
339
2068
616
1751
1072
186
1587
1952
1538
1562
1087
601
1272
1492
1997
469
86
2259
2597
351
1189
1671
2547
2266
2486
2102
2085
2526
537
1871
1934
2055
1940
399
683
2703
1494
104
759
444
169
95
1333
781
872
202
151
75
338
1833
576
880
672
41
2195
2362
181
794
1419
410
30
1626
2289
2645
17
255
1050
2188
146
1516
761
409
2543
1657
504
984
1034
2434
2597
453
2736
1786
1498
1946
2225
1940
1894
791
1038
1875
1982
2105
2422
828
498
2431
2578
1710
1305
2571
2652
2238
1806
2708
842
1806
598
1880
163
2644
670
1979
1681
1527
1506
267
796
895
1519
664
588
1743
2443
1957
753
1001
805
1262
350
155
786
969
1994
884
1440
2449
510
2624
1645
2476
2742
2166
1085
2679
1325
1670
2109
627
776
2265
1320
2080
1500
1265
1540
531
1839
1419
1560
266
2336
1525
2640
1111
385
1995
2704
45
2328
2620
352
2182
2014
1728
1726
2157
2503
122
1413
59
74
2298
424
1163
888
94
2273
14
1670
165
539
1778
987
2517
689
1325
1943
572
2497
67
1645
2578
1691
1654
1734
731
2252
848
1927
2544
543
1376
1022
2422
722
2680
819
323
2370
2049
2879
108
552
998
765
1769
2406
391
300
569
2209
2496
2109
599
963
449
1345
1329
1765
1680
1036
742
958
592
1649
968
2057
2221
1778
2766
1659
635
2251
1032
2296
498
2578
305
449
1413
2325
2350
1916
146
1410
166
1160
1188
861
701
2761
2879
1497
2072
1794
1128
1903
203
748
1526
1595
651
410
2230
2268
1655
340
2109
2711
1520
1250
1027
991
60
2809
489
57
417
305
2318
2792
2578
709
2007
2245
192
427
1107
34
1867
111
1007
2027
2640
1127
414
1038
1610
1375
563
391
1745
1544
2400
741
255
1729
250
725
2398
1320
587
2860
1030
1776
2747
1274
749
1693
2729
1338
1449
2442
624
2373
2021
1376
275
1145
1335
2248
1798
2312
1361
1918
320
2264
2034
966
2211
814
2743
1492
2671
2412
2214
669
579
129
1232
1108
1859
374
347
2263
473
1021
2177
1499
336
2290
634
1360
1078
499
1316
2555
2617
1864
562
2531
3014
1249
1059
2660
32
2699
1519
2181
724
459
412
2328
2516
769
1866
1722
988
343
1350
2658
1856
1136
2436
2451
2644
1288
1904
1674
2210
1497
875
2243
1558
3016
2581
1843
867
1864
979
1110
2561
2101
1879
2557
2478
2432
2031
1575
2370
2631
2113
2662
2213
2705
64
2844
1577
477
2408
1490
1579
666
2834
2193
972
1631
2288
36
1551
1728
866
2874
672
2136
2062
1992
2134
1286
861
2611
557
1844
773
1880
1358
200
3112
1698
1074
1669
1529
1721
2109
1288
674
2858
1952
1550
2695
1126
140
1011
637
2306
3052
116
2594
2310
870
1682
2432
1253
513
2182
1022
141
1715
3173
2824
333
2707
1854
2935
2194
1696
1872
537
705
3087
1260
1496
642
560
54
2224
2043
2707
468
817
1647
938
44
1862
2385
2405
2188
196
317
1565
1576
33
28
3188
748
2006
228
2039
3126
2867
2457
548
1996
2219
2274
539
1991
272
2915
1565
1988
2546
204
3061
2782
562
1946
510
564
1109
2928
674
2661
2389
437
848
1547
2783
1656
565
2976
2582
777
3197
63
796
776
1321
253
1929
1297
2839
1068
2843
1985
2146
1814
1359
2333
1075
102
2451
2131
1662
1713
1721
2844
456
636
2431
2263
2349
49
2668
1424
2107
838
552
3063
1181
3134
3217
69
3118
1308
2319
1756
2
740
2655
2676
862
2351
2903
671
3111
884
3165
326
1900
2349
749
2407
1813
1475
2104
503
1949
1785
2016
1669
1760
2313
841
1309
3218
1466
50
135
2736
2273
1757
2345
175
2134
2308
519
2074
1707
1753
1803
1100
1822
1002
3059
978
2551
1535
2439
2102
3218
1434
3274
2312
2170
124
1611
262
1265
1489
2623
856
129
1470
2025
14
2204
1800
1182
336
2824
3149
3023
2259
1044
1766
2415
3205
3262
146
1086
795
1358
1858
2300
1548
2787
1494
2270
3040
3373
554
303
536
338
2427
2314
2181
1223
1434
1102
413
2593
573
2956
1465
2525
1451
1904
2278
601
635
772
769
2605
1059
2913
2327
196
3314
859
111
2873
954
1151
1238
3055
2586
2398
1679
44
2344
2702
1096
3169
1841
2307
594
1316
789
117
3314
3036
2222
2812
2059
142
1950
1266
681
2766
2142
1223
3158
3140
234
656
329
919
1947
1280
2970
3105
47
1050
2142
1530
1569
2357
1636
1642
2912
1844
1477
338
622
963
1744
1638
1801
631
1586
949
1678
140
1264
754
1511
3033
1158
2030
2426
2987
1488
2032
2750
3216
3007
1988
2859
747
1090
2562
1432
363
1223
3318
3350
2272
1718
791
1252
1449
852
2969
1812
2857
3445
119
2819
731
3448
1272
3165
3495
1565
3266
3455
1410
726
757
1041
1685
2802
1459
2054
802
1630
536
1224
645
325
3450
2573
2738
1587
1353
2396
698
774
2970
804
1020
765
1417
2004
1477
292
475
2995
2766
3531
3548
2815
1959
730
759
1939
579
150
2366
363
1581
1935
496
2675
2975
2673
2593
3533
3282
3226
837
297
1703
2594
3205
3424
836
3438
47
1476
1729
2443
867
298
3180
332
2038
3549
1839
3368
1293
2935
1090
3335
3532
234
1313
1447
1392
1170
3101
3518
2859
1193
534
2315
2572
2319
637
2341
297
2402
2683
195
2543
2568
2690
3153
994
873
606
361
1281
3288
2384
2521
49
3445
3543
1215
3567
2015
2687
1571
2466
2955
1501
1805
1323
1552
1732
2406
1948
3146
2516
1344
1419
2253
3286
3606
1775
2339
3206
1886
2074
189
3212
3095
1179
1154
38
100
2754
215
1468
2354
2366
225
605
2108
1408
1871
2012
1556
1274
2356
3334
1490
3535
3199
2782
941
2373
3472
2025
496
730
3201
1268
35
2209
2116
715
2312
2422
404
3257
1976
2207
3692
3543
3587
442
1637
3210
727
453
2931
2574
2937
706
3508
2313
2135
605
1623
2754
2110
811
1577
2715
758
938
3664
3611
2013
869
56
2125
829
1443
2063
2951
1811
1622
3208
2293
3046
3670
745
119
2782
3668
2688
2174
1872
3679
752
340
1753
1106
1698
441
615
3410
1447
1284
3544
2692
2563
3386
1972
1523
2508
344
2355
144
1532
283
2694
1504
1637
1151
2891
1513
3636
182
3191
2756
761
1826
2645
3448
3203
971
3064
2505
3510
1695
245
2400
3658
2780
180
484
2639
712
194
545
1707
1755
434
1546
2151
1158
1800
2081
3081
3044
56
3516
1954
2629
1484
1480
2585
3248
1939
571
497
3759
3126
3077
169
1797
2047
1945
1427
2793
2458
3385
3498
3207
2358
1740
2521
1665
1578
3516
871
1616
1326
298
1511
535
631
38
339
2365
2303
1663
786
3104
3745
85
982
69
987
1568
1282
3808
1505
1583
1148
1645
1361
3390
2026
2331
1347
3063
1474
1027
2109
399
3698
1059
658
2466
3484
2105
816
3281
747
1531
3685
910
1052
3135
1006
2293
3871
3422
2257
843
2431
2159
93
1562
133
2545
1310
813
1637
333
167
989
2712
1970
2592
172
360
1072
3015
2425
2042
734
156
2331
3015
2959
3686
2137
3369
2289
840
2801
883
2710
706
304
3472
2421
195
2265
1391
2676
929
2195
2632
1271
2543
3205
3849
2738
311
2955
3049
2563
2742
2338
3558
932
1311
482
1807
3686
1412
1810
2500
1536
1931
3703
237
595
1231
2963
2700
83
2916
2024
2829
3464
91
3300
3595
376
2990
930
2187
2350
2630
1666
2391
1324
