3364
1
1
4
4
2
1
6
3
9
10
6
4
3
6
2
8
5
16
17
11
5
14
24
5
5
6
14
25
7
8
11
11
18
9
20
14
8
39
6
31
23
30
20
45
34
6
19
44
9
5
26
52
12
48
13
35
50
47
11
38
61
15
61
35
18
10
19
20
37
39
30
56
16
64
17
36
50
51
69
30
69
72
72
81
68
60
19
51
14
63
29
70
90
81
24
7
42
42
60
98
49
13
74
51
2
96
47
90
97
35
35
36
111
114
58
86
108
114
114
107
93
116
27
73
115
8
126
56
76
93
9
132
77
86
26
134
111
118
71
85
91
104
131
38
108
95
16
101
92
50
110
63
23
62
38
48
111
63
98
131
96
163
11
79
58
2
109
24
24
15
141
146
109
62
142
104
39
78
127
142
58
116
64
16
134
98
120
1
9
144
192
35
107
152
116
76
198
48
47
114
114
39
41
76
18
55
77
23
16
201
40
23
38
210
197
67
110
188
119
5
141
60
195
48
54
135
21
113
136
138
60
172
119
164
195
14
58
197
138
226
44
229
99
212
197
91
158
96
97
199
235
29
15
194
231
245
24
39
175
203
72
108
177
160
27
36
1
114
208
132
151
63
206
11
35
205
69
171
153
107
256
24
20
44
183
244
68
277
276
51
94
276
133
41
188
57
116
47
76
56
213
263
165
237
110
68
14
52
166
9
70
267
256
309
104
247
35
181
193
239
10
290
61
233
236
24
169
207
160
157
328
280
245
40
216
139
157
2
29
140
53
337
73
35
131
9
57
107
270
195
79
223
169
54
40
179
351
130
213
112
170
302
316
142
325
24
181
145
205
244
205
315
13
139
133
316
97
290
226
278
297
332
238
368
269
200
283
337
291
380
45
393
108
186
266
382
20
144
60
78
289
239
308
82
17
234
212
373
38
171
124
17
175
43
363
120
253
159
129
360
120
185
92
205
124
82
267
397
348
117
4
121
245
301
180
385
409
125
151
350
111
18
180
29
368
318
414
326
284
312
399
409
258
322
316
385
354
394
45
371
203
449
236
304
249
457
106
433
447
238
88
317
347
343
70
33
136
366
208
383
123
72
89
205
166
334
399
413
187
435
193
232
36
296
81
246
313
499
35
463
283
291
33
433
44
184
362
425
202
17
160
84
259
236
143
263
6
448
161
401
337
159
299
332
214
26
502
221
156
252
464
134
233
337
18
314
492
211
104
96
18
364
90
458
544
218
445
245
311
326
394
298
355
205
402
274
58
107
229
386
484
494
353
260
532
487
179
18
195
55
381
83
541
533
337
575
464
14
325
12
478
575
198
231
275
56
564
519
347
269
423
563
134
440
538
418
56
431
412
371
95
280
421
91
308
586
381
40
556
147
542
410
562
46
13
143
393
202
605
161
41
596
325
286
167
48
238
124
362
442
175
418
625
633
176
481
308
504
33
555
498
212
257
596
515
630
464
504
268
51
422
83
268
427
464
208
633
644
145
408
279
583
237
509
114
339
317
7
100
339
491
163
140
651
661
55
586
358
494
35
532
586
505
515
213
18
457
74
645
403
548
687
569
410
224
169
475
665
653
621
108
16
167
109
706
591
106
54
21
505
82
492
413
332
93
99
411
304
55
119
540
49
654
384
493
348
288
229
187
701
405
579
32
570
281
388
464
501
331
32
235
730
214
79
192
291
234
153
258
662
122
318
521
40
641
210
179
394
163
183
308
666
12
619
217
85
155
467
717
408
651
769
174
371
287
256
254
145
502
633
229
239
300
613
665
370
658
673
170
712
98
258
41
574
515
293
256
281
125
264
137
70
358
601
689
236
57
664
207
754
212
284
92
50
543
127
506
517
655
568
156
188
419
257
800
797
520
437
521
441
194
679
76
236
421
70
693
5
21
99
426
714
748
368
616
156
151
47
87
347
709
11
742
471
448
720
605
531
48
814
793
123
159
163
271
241
417
863
615
584
749
451
506
261
560
861
54
75
290
783
621
673
278
436
139
255
58
291
271
760
813
272
512
607
166
418
580
784
5
649
70
127
461
381
753
759
157
293
364
70
62
695
357
31
342
760
48
715
29
428
416
377
237
772
734
746
551
749
312
830
875
202
433
329
274
521
789
376
449
675
828
344
901
335
206
527
396
923
176
862
456
360
834
550
94
480
312
657
600
734
698
100
235
213
792
808
316
712
98
838
541
121
925
373
654
147
409
10
98
905
273
227
931
13
478
977
141
778
797
123
90
608
18
479
453
37
522
441
917
34
261
781
1000
711
251
399
258
227
892
386
623
155
18
576
720
733
107
708
332
257
6
321
595
637
715
353
38
303
590
428
580
232
527
635
561
17
72
223
574
831
225
709
892
985
792
465
89
311
676
535
172
104
241
754
406
410
302
636
215
268
574
242
294
656
513
954
521
477
317
116
1050
713
974
14
810
73
380
484
480
38
293
679
170
182
987
806
694
803
763
136
811
948
79
671
168
886
416
937
741
216
1061
21
835
340
187
872
221
246
1011
864
658
314
877
917
123
752
666
1058
360
190
89
72
578
696
108
554
454
457
283
686
927
715
137
1080
1097
909
540
1117
1066
978
558
731
133
536
573
893
655
951
887
756
628
770
93
1149
502
392
1096
319
503
609
600
86
692
593
1109
735
400
287
279
205
801
145
1106
815
793
298
1135
86
78
167
353
900
1074
909
61
590
528
1101
162
141
131
563
361
663
839
1188
753
800
113
562
134
1163
906
317
933
772
251
311
464
618
725
537
374
133
135
257
394
267
986
97
768
542
732
51
1142
86
475
825
723
560
303
930
1029
1234
562
172
80
1080
1001
634
810
682
1015
40
1097
482
621
463
640
612
494
688
348
1195
101
958
491
406
365
331
109
292
274
1259
127
57
1013
303
671
66
736
1124
617
1142
56
796
707
943
913
997
690
703
943
420
240
696
888
742
366
498
12
514
214
149
607
134
233
243
352
1292
204
1276
1243
109
1157
52
351
95
942
883
269
705
799
1229
417
233
836
533
237
1313
528
313
1089
1017
521
511
114
984
592
1191
1254
178
1298
331
19
636
977
1254
1198
1219
438
1306
927
906
218
1098
627
699
776
1228
3
1
555
934
348
851
778
812
328
253
1002
965
742
1221
1065
535
997
659
308
915
1050
1259
805
918
1177
1251
451
853
646
225
237
557
890
1332
1188
1059
626
40
255
437
1372
1257
850
400
449
737
110
47
743
1049
1218
402
745
378
405
1138
1316
779
746
564
687
1346
261
650
81
528
184
1257
144
183
519
601
588
990
276
1371
1330
1289
248
971
273
786
914
1129
822
1243
564
167
517
7
1052
760
1107
1085
520
1040
668
299
884
1230
1205
82
1273
858
4
513
832
997
207
458
959
581
1292
331
1155
185
380
486
489
1046
112
1169
1040
686
872
827
414
181
646
601
1376
468
1433
1045
957
455
969
1242
366
648
974
1331
267
417
1259
1369
765
34
68
176
359
1390
656
591
924
1347
614
886
139
1
217
1225
593
1112
153
467
263
1502
1220
879
587
1218
1341
1317
189
562
627
1460
663
371
1060
742
950
478
505
1157
359
333
1408
403
537
401
305
437
78
1078
894
1459
1377
172
657
1105
1295
1419
800
1317
22
233
1016
1191
1139
1020
744
325
169
314
1277
664
957
971
1167
1072
1441
1494
1100
643
1258
584
945
1395
1077
1541
275
841
1274
1244
94
968
637
1157
810
1395
1385
951
701
318
1504
794
800
1594
209
781
567
1230
47
491
1388
533
1234
966
796
1070
1092
284
266
450
189
1559
511
290
641
1390
991
523
1203
533
1464
20
953
962
216
527
993
1334
930
310
893
403
284
930
136
1067
884
341
1340
1352
1123
968
1120
1561
1144
1391
663
270
1625
664
844
1420
30
476
90
920
480
341
581
623
556
1251
1558
669
467
1357
1150
758
1075
804
974
1182
827
264
1282
917
1291
1044
809
1588
717
900
1562
365
994
1099
939
1671
1225
1079
1574
1396
1418
264
868
739
918
949
1690
705
693
775
1251
1117
1618
1042
1258
1157
276
1642
149
847
1668
444
250
288
739
875
1257
1124
1393
1115
1110
685
1701
971
1266
935
1355
235
1502
274
1111
604
1690
1678
1622
392
947
1509
309
61
529
758
1364
367
1468
446
748
362
1060
640
369
1096
1543
96
1052
360
1615
1100
1010
457
631
1101
428
295
645
936
213
1214
1051
923
895
1379
1591
1147
612
761
231
1004
1490
413
693
1009
879
1691
1456
1697
1630
1695
981
641
804
1021
1598
474
139
1561
857
400
183
520
1391
862
1313
1321
70
1492
1524
1220
1072
1399
173
1752
1012
1317
1357
1369
1331
1702
1296
1265
1503
1674
1144
1137
1190
1163
1834
1226
1678
897
175
1080
1178
800
499
1139
844
556
613
149
1405
655
1297
1266
1258
1310
1074
831
102
1328
2
1426
702
147
362
1536
1336
1039
1540
1254
406
585
1825
207
729
415
703
1282
1103
791
434
327
442
399
1446
154
445
201
1532
1183
870
1400
1555
1098
1292
373
1686
1648
305
1066
955
1464
1428
876
180
1877
1419
248
54
1877
1594
1212
1368
1031
656
1088
809
146
693
378
170
1642
1123
1041
1781
235
1891
1267
377
1057
808
1525
873
615
1129
1194
961
752
444
1255
541
1791
1127
931
391
1912
127
920
667
499
967
1540
652
1286
542
141
1114
406
561
717
48
1745
869
910
1685
1271
1168
1873
839
1355
1201
914
1861
1568
1602
1318
288
1392
26
811
1630
935
1599
1167
1422
1760
1091
1878
1915
781
1542
1420
1755
78
93
703
463
1719
740
1537
644
1372
20
822
1106
1742
469
880
1345
360
675
1175
1818
1865
43
503
1435
577
12
23
1879
1910
341
1353
199
946
402
1660
150
1146
1636
1939
1602
1017
173
1552
466
358
1548
616
310
1183
1604
588
977
1480
12
1284
1753
748
1669
754
160
1417
517
299
362
1212
514
1040
749
442
108
721
1936
1769
466
1798
1425
1641
1931
776
2016
1683
709
834
470
1206
443
1542
464
1936
854
69
1985
1899
1394
603
2072
399
2080
1157
935
545
1503
406
697
1964
1002
1159
1549
333
873
1589
61
952
1058
1909
414
126
782
1912
578
586
1776
218
1075
557
577
2074
555
1917
399
683
1536
38
661
2083
640
589
582
1731
1308
214
599
42
1939
834
1022
1757
872
2019
53
1727
472
453
292
551
1251
343
298
1923
734
2143
620
1797
374
439
182
998
1663
1431
1405
1341
1096
1745
699
2157
392
1415
2083
811
1991
1501
1782
687
1829
1542
328
271
474
1156
355
1446
1365
1272
1574
916
1037
302
574
1423
645
292
1724
2193
1621
1221
2180
1688
593
341
1545
1512
515
935
1464
92
1986
1183
1854
619
1564
1799
1266
37
1063
214
1226
1483
1646
1630
916
796
437
296
2099
2157
1285
81
771
195
1544
1273
959
693
61
1844
2215
1414
2100
1943
722
1636
383
104
1789
249
883
1118
1520
2155
402
393
1567
1266
1685
703
2181
2227
1635
961
499
527
1602
502
566
492
236
2144
336
210
876
1216
715
1642
34
1478
31
2212
825
1103
1898
2208
2002
1230
1527
2001
1423
246
261
784
708
51
205
261
1593
1290
251
1945
660
1592
1227
1874
47
2041
649
2075
861
272
1817
1269
72
1057
446
1417
703
751
1054
1678
105
74
996
1810
1645
1993
929
2316
2233
1386
700
1172
1916
2099
373
836
1965
309
1227
1151
483
1528
2240
1709
960
1948
505
571
1105
1810
1612
2282
277
2348
269
2241
802
2169
846
2140
1225
221
1802
938
1444
1496
1668
258
146
626
1934
296
948
204
339
1683
1035
49
811
490
294
1984
1704
368
923
1935
112
1500
1424
1538
2095
2033
1794
2228
350
395
1658
203
514
2262
286
1779
2380
1677
2172
1907
1801
40
2164
905
889
2070
134
1458
1358
250
90
2111
1721
620
749
546
739
192
1828
2249
1458
423
1514
156
277
2280
437
1644
673
1409
1252
2407
1026
2350
1653
1976
1798
1752
2192
1910
1055
919
2032
627
127
828
1644
492
50
516
1250
2215
563
1149
195
1567
2208
1330
282
355
1993
85
1265
611
2298
631
1538
2420
1245
580
2304
1008
44
2276
292
2299
2410
1685
1839
1367
1104
1261
902
392
402
1833
1774
492
1210
1372
1511
1444
883
529
351
1110
1063
890
744
1735
1966
1151
2338
315
1895
1525
428
712
2191
1391
2025
2132
1336
349
728
1259
493
932
1491
2102
1406
726
150
44
833
2309
792
1718
174
1308
2474
1297
2092
1402
2115
1011
442
2494
639
2211
792
1503
1036
1546
103
1164
1372
110
1025
1010
2239
852
1659
1456
111
1975
1843
921
113
1753
112
2461
1798
1704
1827
198
1996
198
780
516
1208
1032
814
1150
2126
1209
1938
2359
674
395
614
25
1201
642
2170
238
1310
2491
2449
2287
2017
1853
2310
2205
1784
2040
1879
1607
1980
552
2200
1444
2137
1015
604
1479
1847
2015
1204
1766
1336
1566
552
497
130
1172
5
2563
2410
825
30
170
1919
862
1983
2172
2066
2521
1978
1467
320
2549
66
1136
2632
102
1399
503
2452
1909
2053
355
94
179
2107
1970
1505
1483
2522
1800
1936
1237
1168
2468
1891
994
327
994
2418
513
945
176
246
2162
1693
145
396
1733
910
1943
1426
340
1699
2501
1629
2306
416
851
670
1720
1657
1386
2612
1951
523
814
1237
1556
1583
1225
2662
1974
1188
1398
2530
1717
605
2430
1233
247
1830
155
824
1124
188
788
835
745
1045
285
1936
2617
252
594
1934
1276
367
2343
1594
2073
2660
1737
723
845
1037
1431
864
2657
138
1442
1688
1212
712
1352
2104
2104
2678
789
2606
620
1711
767
2556
2232
1793
1061
1202
709
2229
475
302
2077
447
817
667
1444
2487
1600
2148
2467
1947
1079
217
1450
438
1121
1903
763
1897
2032
840
2712
139
2392
2064
1970
2560
2327
804
1222
437
1302
2401
2227
2058
2046
1413
2578
828
350
1535
1312
1587
453
1164
342
223
802
25
2113
2609
2047
2452
688
2737
1918
2396
2141
1093
2011
2110
975
2238
2747
2121
2015
1301
1581
2546
1325
2565
2436
1653
405
2317
131
2150
1749
2489
1753
2054
926
1629
2767
1
2436
2065
1
74
276
2713
2206
1856
1141
2394
2035
1567
1229
669
1136
1981
2539
1499
2069
1228
410
843
2860
1846
2277
30
2341
1663
1085
103
1422
2078
2612
620
1991
936
2607
1528
1100
440
2214
2105
321
2447
1918
447
55
1937
172
859
875
1788
1937
1971
1659
1388
1566
118
774
113
440
2810
2451
2573
1547
2241
1743
1047
1047
1855
494
699
567
1056
980
1575
1259
2536
2841
2742
1793
2094
336
2485
1126
869
2640
1813
1388
1133
1102
2208
1188
1365
1928
2731
2559
1337
2891
205
766
1768
1784
1623
1517
1687
1814
734
1976
2034
2795
2402
759
1426
1955
1235
698
440
1917
1684
962
2546
1859
802
1144
1986
17
137
2252
2263
2516
146
2293
2964
344
1035
2930
2228
1852
879
2682
2199
156
1974
1834
1004
1376
2003
2631
851
1257
2886
348
2827
1808
1221
1782
2143
2378
2187
1401
381
641
843
1688
301
2885
2482
316
319
1824
1270
344
613
2447
2186
799
3002
2650
1072
1453
1724
1805
324
1960
83
768
2745
2816
290
373
2542
1120
195
1585
2634
1225
1447
1293
2606
93
2705
683
2060
1116
1606
2635
443
480
2274
2355
1196
1686
1126
1891
2135
2011
2322
1657
303
2779
890
3060
2478
2073
3019
318
2019
2741
1686
2786
842
2672
218
2694
2350
240
1558
1339
1212
2863
3048
2163
958
2301
1035
2595
2540
370
1415
2818
528
1683
2288
2896
2994
2370
2347
2065
1907
2922
2525
3049
2563
593
2112
617
2041
2409
1817
1004
788
118
346
2788
2588
909
545
878
1889
665
2270
229
1279
2048
465
841
1332
3020
766
2175
102
1876
402
2383
1260
109
335
2915
1673
1468
1298
1104
715
954
2995
1535
1883
1009
1955
1717
849
260
2095
2575
785
472
157
369
483
578
543
566
272
3138
722
1163
2894
2214
2245
2732
1755
1679
3095
2652
470
2782
2667
66
2517
590
954
2747
108
1859
2484
2359
1884
2652
1268
136
757
1853
953
649
3056
1915
1642
3063
1519
634
3152
2571
1703
1491
3046
2592
2716
1964
860
2657
1477
213
2269
2341
2653
2092
3026
3170
1133
639
317
927
364
2477
1720
1028
548
2241
2156
2897
2759
1250
1571
225
1967
2600
2383
1164
720
525
2463
2336
1701
1418
501
3150
2642
2247
540
3116
2285
2082
439
2938
61
1068
1403
2760
2751
3079
148
301
1483
3052
1188
174
1869
2486
557
1269
2449
2334
1108
2517
2200
958
1375
1116
2652
504
2545
941
2926
283
1419
2502
532
547
686
2904
2067
512
2640
526
118
3261
1900
2074
701
2807
801
1032
705
1967
2029
3177
1543
2923
869
2262
594
2704
507
305
693
2682
123
2299
1021
2634
3283
1024
2691
82
1414
909
617
1723
1985
863
1361
2586
462
3066
1291
1945
2848
619
3126
1605
3000
2626
484
2116
1128
2253
775
3237
1224
475
1475
316
1583
750
197
2887
648
1626
61
808
1772
1078
945
