1396
1
2
3
3
3
5
6
5
9
7
11
12
3
12
10
11
3
15
3
18
8
5
12
21
10
21
6
23
2
5
6
31
7
29
6
18
33
15
11
37
35
26
19
42
12
39
27
20
36
3
30
5
10
47
41
35
5
5
17
44
4
63
17
60
18
50
31
64
32
2
44
32
52
54
31
42
13
4
12
16
2
45
36
48
19
1
83
78
8
6
81
5
79
81
91
91
77
10
96
26
45
66
73
7
13
50
32
68
54
84
100
45
52
49
30
86
113
100
74
19
13
23
51
36
93
26
126
28
59
88
58
34
73
107
68
59
60
30
77
101
141
100
6
128
38
92
63
144
146
96
1
5
105
85
75
68
152
64
150
98
134
156
43
13
152
79
86
169
77
89
136
146
15
133
51
59
16
110
44
61
71
92
48
130
91
182
74
175
25
9
39
34
56
8
158
51
137
92
71
48
25
84
75
193
149
148
67
37
76
8
195
85
103
108
173
38
67
84
43
68
38
16
34
89
26
62
131
208
176
31
49
88
164
231
25
225
58
169
183
217
202
18
150
228
158
22
62
20
68
81
217
15
178
168
194
210
86
134
154
181
187
263
47
108
163
244
202
162
189
37
207
267
88
230
197
175
43
133
99
269
20
1
176
19
134
86
3
91
111
106
243
16
24
45
162
169
82
97
19
199
209
146
28
42
251
6
266
33
207
271
152
6
189
134
109
108
156
19
151
199
172
64
283
196
21
56
221
32
18
19
14
149
127
170
204
243
96
101
153
157
202
331
36
336
205
89
320
308
317
31
325
37
325
87
175
129
253
140
291
341
165
304
109
30
28
11
157
210
329
192
159
165
256
85
376
223
289
304
341
96
38
126
121
15
5
139
19
30
390
331
310
218
229
341
303
312
132
104
205
90
237
328
219
281
201
391
200
45
38
2
379
30
397
248
83
55
198
220
367
9
49
331
269
377
312
38
282
154
247
200
334
267
214
78
407
201
72
174
277
389
186
136
103
85
171
73
61
353
270
146
303
101
228
148
306
357
407
144
295
54
347
57
457
141
93
448
235
441
79
216
134
93
113
230
35
102
87
212
366
289
260
274
87
131
161
319
442
309
37
450
465
400
440
305
332
411
368
271
463
174
17
231
433
261
451
256
244
168
484
144
47
194
232
423
508
362
180
498
256
224
502
313
256
343
433
478
452
34
377
369
376
337
248
362
220
486
445
181
243
55
103
242
193
357
458
90
209
542
467
477
396
361
191
414
26
464
347
214
205
342
496
507
312
492
263
298
376
5
172
264
116
415
378
152
347
104
57
198
447
400
148
305
317
437
463
173
240
582
365
532
535
204
158
1
93
416
115
587
266
208
97
170
223
66
27
288
30
339
605
459
176
14
57
90
39
576
96
537
456
283
185
36
132
530
295
586
18
323
291
295
617
260
71
59
48
425
573
154
424
450
514
559
576
319
623
40
365
86
476
14
539
297
469
536
69
428
459
237
112
50
144
3
253
474
63
155
358
377
86
540
275
599
581
273
341
469
280
60
446
219
307
197
602
74
583
28
567
58
518
407
530
360
36
398
221
693
535
6
352
99
8
413
644
405
641
494
553
183
519
162
88
153
436
491
115
335
640
6
371
543
5
526
118
323
368
555
99
693
647
615
220
724
359
654
456
380
363
448
460
698
521
169
692
582
40
72
565
597
639
89
380
88
645
608
737
578
591
546
264
37
266
635
600
584
228
421
709
738
529
588
337
485
118
29
266
29
518
320
599
340
473
129
696
189
474
202
561
583
542
705
531
375
509
404
546
567
582
767
353
131
214
425
409
397
685
623
486
671
220
130
680
576
200
799
148
47
315
236
564
293
373
614
496
633
293
193
431
259
201
143
559
541
493
582
156
708
485
312
1
403
739
191
46
553
676
533
50
71
428
16
184
578
83
661
285
330
139
201
676
591
557
683
277
99
446
690
24
784
187
689
771
776
130
275
45
609
545
37
405
214
68
530
527
288
317
442
568
592
149
653
616
711
692
188
268
296
358
34
620
93
531
350
442
40
143
721
664
263
470
390
372
827
278
55
70
42
572
877
565
739
898
77
521
632
508
715
132
282
82
498
747
341
216
373
502
494
727
329
717
378
692
942
196
759
649
587
733
746
687
425
375
281
82
672
555
605
85
46
163
55
539
353
57
45
195
744
872
695
465
67
472
692
243
359
768
31
36
176
761
783
639
87
967
862
703
400
940
194
173
744
728
648
296
240
20
394
106
599
972
744
143
983
928
342
754
440
367
874
955
81
680
295
103
333
605
781
11
376
378
890
498
99
57
163
256
722
576
151
902
253
697
941
1033
992
128
692
290
891
62
962
189
74
565
1010
1032
259
290
78
944
522
515
160
188
210
731
448
968
443
396
470
396
325
755
721
460
275
984
426
963
195
39
889
286
251
430
218
783
287
7
624
507
160
101
553
663
282
1029
1054
898
657
303
681
61
985
565
156
1025
193
226
394
931
932
1070
804
796
453
984
572
900
438
27
462
232
1037
213
294
337
392
290
83
946
514
174
841
1089
774
49
775
203
149
186
326
6
70
193
544
35
1010
521
519
1037
75
1124
860
52
290
4
1099
395
224
1015
487
646
115
30
609
435
17
1133
230
391
1119
845
541
437
453
134
748
128
335
156
275
511
648
1171
84
64
633
661
258
29
1088
1014
126
625
686
725
166
212
339
942
362
1116
770
13
589
292
550
786
897
787
372
96
787
1102
126
1033
131
89
782
885
417
743
848
510
746
385
295
158
988
803
929
206
639
952
999
813
1116
814
340
784
368
901
282
531
1234
1146
282
604
44
882
1199
1054
382
537
367
966
494
1212
965
288
847
668
140
276
249
40
901
494
1099
415
223
693
462
1172
916
1051
608
50
228
947
621
422
1019
6
579
38
241
610
199
981
431
279
826
404
1056
497
1171
1078
353
630
109
753
481
317
298
639
99
1158
919
898
1236
1244
688
1301
622
687
1052
1060
956
263
590
738
1237
592
985
1116
955
1132
333
1156
1302
870
329
1059
529
146
743
1116
416
1247
1069
1290
888
1018
750
1210
916
1186
405
700
854
1165
1093
185
921
448
1200
984
863
151
1001
128
981
428
999
611
310
1092
1344
72
115
830
242
288
1276
363
1224
213
952
563
748
859
2
1079
774
180
482
935
34
348
680
453
326
833
1277
220
1192
1381
1153
282
1269
1235
231
245
