725
2
1
2
3
2
1
4
9
5
6
1
9
11
12
4
11
7
16
19
19
13
21
5
7
9
15
25
10
22
9
14
32
18
6
21
30
15
25
20
37
35
41
21
7
1
2
26
17
27
33
9
5
29
45
20
9
20
54
17
44
52
23
52
57
48
48
8
21
69
31
57
36
47
55
28
16
46
70
1
59
82
20
81
69
6
33
13
9
58
26
56
67
34
90
88
31
1
68
1
41
5
96
29
62
91
50
17
86
68
71
13
75
97
88
59
13
78
25
24
59
22
60
46
38
36
124
115
65
11
30
72
7
108
7
51
129
121
23
120
87
125
32
121
79
70
110
46
93
21
127
22
93
66
8
21
22
78
53
64
113
109
26
30
162
141
92
100
35
130
13
98
89
62
33
117
71
88
87
54
124
102
29
113
50
68
187
160
29
160
79
180
29
2
39
118
29
133
175
147
190
62
96
30
61
60
29
57
187
29
199
55
50
14
35
123
71
90
111
16
168
101
184
131
16
27
51
3
5
123
109
130
228
234
209
216
156
197
40
122
116
97
73
241
188
83
33
155
187
1
75
218
205
134
25
87
45
192
209
6
180
237
196
258
50
70
106
141
176
36
76
125
196
82
125
150
138
255
150
67
171
36
82
128
285
241
75
13
248
158
174
181
177
250
98
47
136
261
251
69
19
69
65
97
105
227
181
227
216
15
36
155
2
200
42
270
61
165
118
117
127
55
165
290
72
38
83
179
158
34
252
265
261
242
182
262
199
90
106
135
60
322
202
335
283
303
44
18
74
343
153
239
309
76
113
85
18
250
232
334
66
318
202
144
258
64
169
253
284
103
206
218
101
6
28
265
230
297
282
185
339
337
23
2
347
41
40
160
98
305
34
314
98
169
217
342
8
246
123
392
167
83
256
108
193
140
241
238
298
163
248
147
367
15
157
107
174
32
213
157
410
187
323
417
361
388
351
15
423
73
225
321
416
414
335
191
291
81
38
417
166
21
111
125
290
30
65
175
168
112
293
268
73
213
199
26
197
69
196
187
181
299
136
204
401
26
10
61
416
161
85
89
19
190
220
88
462
382
256
295
473
456
72
245
333
202
349
232
373
297
182
491
206
397
72
119
287
171
76
288
38
82
128
125
412
299
12
107
260
243
75
206
210
146
56
185
327
138
399
5
417
202
161
388
68
138
525
172
100
287
510
139
175
489
88
240
500
350
454
163
191
6
104
133
491
361
414
177
511
458
328
441
489
76
530
195
79
536
372
29
331
412
216
464
484
262
482
563
133
512
6
105
387
120
13
468
518
550
238
18
259
224
418
22
436
399
558
14
344
464
327
360
31
588
51
194
24
304
589
468
150
237
143
557
56
578
23
513
245
6
35
94
173
49
136
447
33
399
563
346
542
481
145
464
357
478
121
105
71
602
320
498
55
362
66
581
413
283
472
22
561
634
261
530
247
577
457
112
456
557
514
26
419
164
80
12
214
515
548
223
230
105
253
610
250
68
403
273
469
348
201
610
245
138
454
59
162
116
293
95
585
646
608
491
394
152
354
460
619
253
32
228
630
427
359
461
163
629
649
350
489
327
567
229
704
121
532
704
684
51
78
521
30
123
469
440
176
280
381
432
439
209
640
102
488
