3593
2
2
2
4
4
5
6
2
3
7
7
6
13
12
13
5
4
19
18
2
6
3
8
17
8
19
9
29
23
5
20
1
22
26
24
24
1
22
11
16
31
28
36
29
34
22
38
35
45
36
26
20
24
27
28
39
5
34
41
39
49
15
48
26
40
34
43
69
7
1
66
54
48
29
34
69
55
56
56
69
50
17
21
31
65
34
43
88
10
79
65
85
62
80
57
77
94
39
82
54
56
30
96
83
32
12
63
103
71
55
24
22
75
8
21
42
89
9
40
78
89
45
25
7
32
104
40
41
125
105
126
67
19
17
67
94
65
94
100
132
109
76
19
62
29
97
13
20
149
105
124
85
46
58
152
52
108
114
152
140
88
29
12
76
95
55
128
164
83
23
37
164
9
72
102
74
11
74
160
175
182
70
56
109
67
122
66
145
4
116
131
88
174
120
173
135
149
72
139
66
176
113
128
148
61
50
103
42
155
166
76
170
17
125
150
121
119
87
162
167
87
17
25
143
212
30
199
148
43
117
108
8
85
100
34
25
76
40
179
90
147
2
104
35
91
28
136
183
33
249
77
106
180
245
159
60
72
178
60
231
234
211
14
50
125
246
75
234
61
221
188
189
186
143
32
125
228
133
212
60
277
66
136
36
226
129
267
79
94
171
204
126
140
189
276
183
50
194
208
191
172
121
201
181
226
204
267
53
66
134
207
233
267
44
104
125
64
288
249
19
121
182
226
266
175
168
35
61
113
155
211
197
194
22
92
39
56
130
51
146
296
171
115
178
263
95
48
302
200
284
346
295
109
228
153
23
300
359
142
105
100
338
307
142
77
20
78
223
181
329
361
161
128
317
44
343
272
293
152
168
241
102
256
293
121
88
60
350
195
308
217
283
85
7
35
4
150
344
122
339
41
197
33
123
285
102
91
117
313
375
359
394
226
401
369
365
211
90
345
129
339
142
117
336
389
196
151
248
415
211
412
333
324
137
237
159
205
199
41
420
165
340
295
52
351
369
161
420
313
255
231
8
307
140
380
40
8
43
340
343
38
381
306
356
161
3
145
425
59
397
284
256
175
230
387
189
355
149
289
292
33
54
353
5
475
57
211
40
463
249
42
295
426
428
463
277
258
46
443
135
287
150
48
392
466
203
442
492
80
446
310
502
151
503
419
431
388
364
67
460
168
384
321
400
132
177
66
273
481
503
381
316
20
457
219
478
250
146
94
331
273
53
434
316
260
487
285
351
406
165
502
324
360
78
247
368
529
18
263
225
92
33
521
14
197
66
507
375
5
379
236
338
70
202
314
132
471
75
383
362
557
216
185
509
44
72
538
38
129
488
409
391
181
318
181
259
225
296
14
102
154
449
119
427
168
508
2
301
530
14
145
499
530
500
300
310
329
483
443
52
174
257
273
231
556
501
72
603
518
353
133
553
578
331
498
482
416
333
297
295
50
163
203
227
8
624
593
11
491
252
10
567
311
26
309
595
457
504
341
615
392
657
546
362
285
608
419
100
307
501
146
315
372
76
437
328
659
11
279
332
577
524
607
404
249
656
89
611
213
529
479
168
52
321
453
215
357
335
270
270
513
67
281
615
60
129
403
271
203
603
546
617
398
280
212
588
351
337
403
60
118
388
389
241
697
173
178
602
485
538
63
127
298
492
284
239
411
319
10
685
79
452
64
118
523
117
563
64
310
676
737
323
458
753
622
396
198
452
563
600
739
651
78
413
185
185
453
421
126
738
415
638
658
671
179
745
519
383
10
444
110
436
743
170
332
318
711
754
392
59
681
223
639
201
12
345
712
662
228
612
556
213
414
761
272
599
540
85
271
464
756
785
141
137
376
422
716
244
609
215
170
506
392
610
193
216
105
67
390
487
693
750
456
541
361
301
666
358
343
168
126
629
293
695
310
774
728
705
622
620
523
198
309
398
746
273
115
848
827
286
32
109
453
824
746
295
617
515
570
259
50
477
694
640
821
265
92
34
208
116
764
225
703
666
712
735
75
22
678
520
98
100
394
602
519
455
377
730
329
648
487
102
790
193
184
469
459
613
49
470
758
551
283
871
88
88
602
416
489
501
589
363
510
893
782
495
648
679
346
529
743
409
828
64
250
97
483
816
482
411
605
687
837
63
325
820
790
150
560
690
343
392
360
870
521
558
458
174
355
189
269
930
201
804
182
452
206
550
296
319
649
882
437
767
182
108
4
383
156
296
712
292
877
300
693
461
556
387
61
322
955
423
167
686
98
668
322
438
424
942
17
515
243
344
274
576
203
16
855
567
69
528
814
942
826
837
612
130
649
907
294
183
805
601
291
171
302
23
347
458
562
136
543
107
499
481
257
385
501
122
621
782
773
806
646
295
102
369
500
520
802
702
919
402
880
591
379
934
208
234
333
892
599
251
425
231
1018
932
124
474
145
403
469
742
700
748
409
406
943
979
747
518
823
742
762
922
913
246
810
886
639
609
895
1014
383
569
191
904
1022
590
496
129
215
63
1092
771
197
1026
890
618
717
1071
478
595
976
823
200
590
632
619
292
592
107
1033
758
393
451
424
670
8
699
962
284
561
1042
727
298
38
275
522
996
1046
923
572
166
858
932
596
74
999
755
162
498
651
75
1023
917
1061
519
151
439
346
649
457
542
124
172
1140
1158
130
12
819
388
335
794
131
720
1037
323
702
826
419
618
635
572
155
382
437
668
238
973
1094
1171
36
386
32
1073
579
1105
234
794
678
563
632
465
892
163
169
407
767
1132
992
795
1058
1185
112
543
414
361
302
1060
885
446
382
1029
201
872
228
93
1069
1096
660
169
821
228
781
262
137
757
47
1091
162
1167
510
340
103
901
1079
436
316
427
80
68
574
555
127
1184
1062
120
570
391
74
977
1063
646
1013
1060
459
922
758
819
789
728
918
983
588
1261
445
1045
774
314
711
1181
263
1110
763
714
506
173
366
347
1051
1081
929
82
820
890
340
361
1289
889
1218
1122
230
587
526
506
455
586
1167
1133
153
378
649
710
202
1204
483
564
491
1294
877
1073
789
614
431
1004
470
69
443
109
816
542
1125
1210
127
91
900
150
650
1208
16
850
890
1122
1085
46
1185
929
772
1311
1317
427
59
1211
1155
907
1339
810
156
152
860
1168
833
172
1279
1047
1357
385
845
758
283
17
280
211
687
490
672
566
556
975
582
697
622
727
166
466
331
787
1120
1374
1252
1203
878
1056
345
853
1085
1184
1194
51
435
351
545
630
812
1128
462
160
1207
1395
796
1275
707
669
345
351
92
484
1030
25
276
486
160
15
767
746
1051
235
1142
777
1165
410
1197
791
375
893
217
389
640
740
263
544
781
1077
109
10
1089
874
296
218
38
1025
96
1040
797
766
1187
279
1267
1131
923
1330
553
1039
29
7
771
1226
274
635
600
146
763
1441
193
1358
110
543
535
947
155
113
224
1016
1011
776
623
1338
1142
345
1074
1324
571
87
1118
684
1048
281
1165
19
342
315
1283
1160
883
804
5
806
633
87
854
1319
1199
65
623
307
441
1287
383
1127
699
963
374
576
1165
363
141
1456
87
1224
516
1143
1220
807
284
970
956
1033
1213
573
965
621
1318
775
179
332
242
295
707
1233
272
1418
1354
1238
1025
1528
803
1054
18
1262
635
765
1433
379
1445
1002
1367
1549
3
1258
190
1040
534
850
1007
1386
525
72
1506
1365
1402
213
359
1431
321
976
592
1377
552
1544
415
365
731
1410
273
106
213
1591
1273
964
203
668
706
85
1485
1068
601
1040
1164
117
787
414
1139
226
1366
1003
265
1274
1409
555
474
435
7
1445
1572
656
936
656
244
940
262
915
1245
98
916
1115
241
1301
1366
215
1601
943
694
902
278
631
1483
1460
1118
573
328
106
1439
273
228
225
775
520
700
1046
75
788
1277
1645
1013
299
621
1126
221
602
783
690
434
1004
415
839
129
1071
1661
672
480
1004
1099
1032
100
1381
357
1002
115
445
1173
1105
1482
1490
485
98
590
1555
825
632
504
652
874
261
967
1427
199
1677
550
380
1021
587
1315
849
1370
834
863
820
1393
1436
945
89
361
920
933
726
1243
726
1413
1169
382
1264
908
365
489
425
777
609
1536
199
154
275
1361
1333
562
616
671
370
157
775
281
302
1034
587
1234
1673
1249
1490
673
286
1099
515
1148
696
1116
1512
513
1553
1011
881
1412
1426
983
291
1061
1428
87
1502
1041
1689
669
538
1478
1033
553
802
1284
154
1063
667
1040
1078
303
634
1112
56
1372
1260
340
1062
1413
233
765
1592
305
398
500
1637
278
132
276
1752
1592
267
10
1609
901
839
445
915
1392
1296
583
755
305
317
1240
189
1803
658
796
1027
334
1
1155
1624
1128
1685
127
921
310
308
48
166
1684
1536
1442
1410
619
295
1133
967
1295
612
1408
1727
840
1798
1794
1429
796
1318
1536
1079
1515
289
1387
888
110
1798
874
807
1681
1089
1387
1118
763
1046
881
1119
1000
198
1064
208
387
396
1504
1634
1038
18
471
912
1719
310
50
1241
1540
1236
380
492
672
1314
791
1791
1344
1900
698
1764
30
1261
572
1797
811
1049
536
1214
1727
597
843
165
1713
692
1758
1038
1895
1110
1859
576
827
179
1262
1714
1897
1286
865
245
1692
1688
325
1705
1854
368
1338
873
1006
1273
1910
1576
313
524
73
304
565
144
355
1853
895
484
1780
1816
13
1264
1083
1686
458
1924
1400
100
1486
1464
463
1921
1963
1966
690
919
1691
1335
1304
1577
978
979
1351
969
637
126
386
842
1824
206
1095
127
1866
1633
1529
404
326
1913
1456
1042
631
1145
621
740
1792
79
101
391
776
572
988
204
1709
1854
121
1369
1190
1838
112
757
1691
500
967
1693
1645
131
1436
1211
876
1038
239
1819
919
1106
645
1033
1217
1387
2032
253
1015
1886
1461
16
644
1100
1672
673
929
70
1738
1521
1875
1014
743
1525
794
949
633
29
72
1588
1641
366
2009
1652
1749
692
1805
1489
797
1608
1814
2053
382
889
1990
1991
1462
1263
176
867
620
1684
689
616
173
306
1297
459
26
1478
667
706
1922
1765
1661
1297
889
1334
89
861
1940
1933
1132
325
1269
414
1040
591
612
1979
1386
733
360
1495
1232
99
52
1026
1764
1774
210
502
2063
1077
666
381
1031
505
1254
1807
473
2128
1997
1584
1772
637
492
297
1751
1343
768
1279
1464
278
239
1720
773
199
732
1
954
539
1160
1217
267
607
32
522
15
25
617
966
625
768
410
1471
427
1512
1729
1221
51
1203
758
2128
1229
652
949
1972
621
1254
910
579
311
2078
1887
1479
964
881
82
543
41
559
189
1678
1884
1137
627
968
1974
286
1687
742
838
1882
395
2046
1274
750
1913
914
59
707
2130
1801
1933
1600
842
1693
656
1501
1886
400
982
2018
1152
1840
1607
1470
1895
1034
773
1340
87
1128
64
17
1384
599
719
300
1209
1117
582
1494
875
2155
63
1327
160
223
1941
1355
321
249
1165
96
364
138
28
1734
48
1885
1526
690
520
1136
1836
2124
1243
1383
368
2158
1677
1716
1460
242
1776
122
587
1581
799
230
1299
1326
1675
1031
489
228
92
1616
447
1741
2246
1641
1873
689
1286
634
1852
456
486
1383
1728
738
712
704
2217
1019
1175
1383
1846
1848
273
1213
1956
1857
920
298
967
1622
910
437
1142
239
235
1024
605
167
584
190
704
1106
1865
595
2225
2232
1345
1235
473
631
484
2080
370
606
854
49
1086
1092
548
1533
136
1155
1933
1175
1059
2334
76
1240
1395
322
236
1192
950
1199
1861
666
2315
101
1685
1957
371
145
1974
2041
1418
841
2138
1013
2249
242
1797
1756
1591
846
1536
242
1311
1944
1253
1907
1560
387
178
1277
1004
737
2324
1491
1656
2401
378
1193
2148
263
43
1762
918
2352
1298
448
2033
292
1760
489
1114
1252
675
692
1495
359
812
1316
325
1135
231
2005
402
1533
1471
1040
64
2019
2063
1784
762
1622
1497
121
53
692
538
663
2446
1252
596
2398
1771
433
292
735
357
2395
447
548
1584
1063
1447
39
1419
1138
1465
1694
1041
636
1504
1567
1181
2375
2455
1189
2181
732
2406
333
1011
2331
1075
2233
977
1685
1565
1580
2080
786
1783
696
1081
2400
1059
2206
270
2338
1049
350
2203
2010
2155
1338
2116
2215
1553
433
1898
1868
1906
405
2416
1254
1467
977
213
1267
1978
671
103
1753
1305
2324
1785
1976
170
277
1513
161
1819
96
533
1968
571
2528
659
1437
111
2073
980
1298
1309
2159
428
1653
2411
1751
1762
1944
1119
154
729
868
406
2439
249
536
599
813
984
1881
165
1253
2558
762
325
1076
2533
403
2283
1547
1224
1668
1878
1279
482
1830
584
433
484
1826
97
641
1387
2544
1048
1989
1864
363
1202
2373
833
2451
1625
784
613
1336
1458
1766
2559
2182
622
421
1661
1622
62
451
2161
1781
320
1949
2573
1615
1860
293
1998
854
1086
353
116
1047
983
1262
727
1275
529
2403
1063
620
273
472
871
356
404
2491
886
1697
2203
522
260
577
2032
2505
607
830
202
1108
317
2085
1563
506
79
2574
1829
399
225
698
2467
2008
1515
2126
227
676
841
2476
2617
1254
1155
62
1745
982
2116
713
277
634
2021
384
495
2620
1040
1593
2490
1023
1220
2435
842
1775
1448
568
2166
1817
2430
1041
1905
1812
641
1180
1285
1436
1979
2439
2665
1192
1766
613
1088
1761
1345
1807
505
149
1285
2418
1728
311
1172
478
2130
1144
1654
309
2238
1254
475
1357
1767
1358
2266
1996
1299
2580
1712
1113
472
2385
2323
1946
1822
1723
418
135
313
2563
1977
2669
1800
1474
1806
2597
183
2501
570
1625
556
599
644
611
2145
220
1356
2502
649
803
2159
2598
1917
511
2586
2438
1914
768
653
534
154
2559
2021
2608
1857
551
392
1096
918
782
626
2746
2672
593
58
2242
432
1997
156
429
891
2517
2394
2364
694
622
2565
2689
2346
498
2205
2543
153
2063
1492
2002
2449
1341
2777
611
1087
1878
1162
1688
600
1372
1888
1043
2808
974
2680
84
2747
1303
788
2088
379
2442
268
2019
2528
1634
2785
2560
1763
1659
748
2563
2652
393
2042
1953
149
140
1608
833
2191
2438
1627
276
2247
1417
901
1517
2379
2466
2028
18
1644
1867
2293
19
888
2525
1843
2279
498
1181
1775
707
2429
2854
1713
2863
153
2285
2118
88
2029
157
1500
1387
651
1135
874
508
1052
1107
857
1391
50
675
762
28
2480
1398
1093
2115
2755
2686
381
540
70
882
1328
1041
1866
2821
1222
1472
2341
2746
79
1353
1148
2863
626
2007
1091
2654
1845
199
1814
252
2013
1237
1001
1405
1023
948
2340
353
56
2100
274
1630
2835
1622
2798
2058
2455
2277
1274
838
2454
2809
2312
1553
1801
2752
2069
1555
2651
1176
2735
1469
1450
2889
610
469
2791
1601
2548
2240
754
587
345
341
1350
1359
2772
767
855
756
2772
2178
2857
349
1723
2851
1827
2389
2034
1378
57
2598
2221
2427
1342
1592
688
1715
1728
871
1468
2288
2749
80
1611
130
1455
2519
1334
2186
665
1786
839
2756
842
1099
1643
2815
1636
2551
2935
669
2551
2198
1311
575
1035
1836
1272
2323
452
631
285
2313
624
580
1278
1242
1159
274
340
1410
1269
2403
2128
1625
465
103
469
2980
2144
2454
2424
937
1791
1052
2656
2932
1029
892
2135
2269
670
2463
113
2178
2981
101
472
986
405
1465
406
58
822
1269
629
1520
1269
4
1997
1596
1223
2061
2017
684
2016
2490
2847
2489
2125
1916
961
2395
616
2457
2534
1951
289
1339
1827
685
2394
2238
1334
2440
373
1081
751
1224
2301
398
1332
597
869
66
198
2102
768
1605
1343
2549
2706
2046
1044
1065
2227
2194
50
1800
2844
1078
2370
438
1811
1089
1222
1313
3116
2955
1212
2357
2461
669
2237
2585
2882
835
2804
3023
1647
2576
68
2170
366
1614
357
1718
575
521
2761
2305
3007
2577
2678
2141
123
893
1588
2743
2946
2369
1162
666
442
2977
2601
2170
1315
3013
1573
6
2463
694
1496
1064
2882
2002
1100
1178
639
674
2357
2411
642
2014
162
2525
240
2318
284
3138
1886
2225
2293
1415
2104
1584
394
520
1369
1280
615
2889
751
2317
1097
2483
2170
1107
1895
2569
460
2916
2041
2710
1899
3197
2858
3145
476
2098
1002
2155
1067
2112
1892
520
2553
379
1981
950
2929
166
3043
2599
2342
2917
2644
2466
1389
489
319
1012
2759
895
627
134
1756
691
2273
2084
582
3190
2443
751
2363
2822
2976
193
375
2370
3072
789
2933
272
1116
2148
2703
1063
1173
628
937
2501
3201
218
2696
1520
3239
2547
878
1583
325
2145
834
959
2932
782
1251
1078
2400
536
1363
827
42
2648
3068
960
2190
437
998
1356
860
1004
2969
101
1980
1794
2147
2542
2064
3178
3174
988
1165
718
1702
311
385
2653
110
1206
1440
1832
2187
2127
1946
1827
2751
196
2552
2346
142
628
2074
1636
2338
2174
1862
1998
1022
686
810
1348
1665
28
343
23
481
1424
2993
3277
806
669
597
1493
2515
2437
2908
3245
3134
26
1694
1722
1412
2325
1709
2087
3254
1815
890
2545
857
455
212
316
2859
2664
1940
738
1035
2095
3010
2639
364
777
970
2694
1043
3367
239
1431
1555
1346
2378
2039
226
675
1351
1263
3083
1530
3179
2322
2423
764
2253
742
2415
655
3037
2484
2889
1400
2095
465
1651
1915
2909
2631
809
1334
520
1329
2812
611
1865
3397
2568
1083
2162
2624
918
848
1889
1751
1583
2142
818
3311
2278
1864
2684
3226
1491
171
3256
679
3221
471
696
1969
335
690
2554
2656
1007
3062
2390
2609
3397
1653
2969
2045
1852
2400
1033
1159
1201
1531
215
2446
531
810
68
1932
2885
2353
3323
367
402
1592
1491
2394
932
3475
29
1228
2714
1739
1831
102
1392
3216
2918
748
1381
2845
2715
1519
603
758
2222
151
3477
1714
1933
393
3200
455
1729
1514
1438
2558
500
576
2776
1043
803
2915
1487
1482
1272
2577
664
1362
2469
3330
2688
2881
2704
187
1599
3352
1226
2356
825
801
1354
87
77
1526
1250
793
827
666
2399
1994
2998
524
3397
918
1133
2557
3289
2851
1264
2788
216
1515
1804
287
1459
2038
508
1845
2845
1407
2165
98
2074
1165
2627
1501
629
3173
1859
2392
482
544
200
612
3487
2000
1845
2876
419
