4597
2
2
1
1
5
5
8
9
8
1
11
5
3
3
2
12
3
3
13
9
14
2
13
21
7
5
8
2
23
16
29
6
21
19
12
17
31
31
1
27
6
8
26
36
27
39
38
39
12
41
48
44
47
27
36
37
28
11
21
61
13
23
20
3
39
25
39
31
28
37
13
9
11
69
22
71
47
24
60
48
15
58
46
23
79
15
29
60
22
30
87
78
19
26
64
80
41
79
32
56
24
26
88
59
95
11
86
72
52
8
38
22
76
32
106
107
111
38
47
108
51
48
73
61
78
120
22
83
39
110
116
92
51
21
76
67
5
24
89
46
80
89
34
71
39
63
47
44
7
139
54
20
112
57
98
91
61
120
102
30
152
96
20
38
78
134
121
57
3
52
151
152
42
123
60
25
114
143
129
148
52
140
34
140
14
155
32
161
90
80
105
9
12
29
50
120
89
12
166
12
133
144
34
137
91
199
27
9
198
167
205
102
6
55
181
151
160
9
186
68
16
46
4
140
37
19
46
208
48
152
223
18
117
33
144
22
96
220
48
15
226
135
241
96
133
193
175
169
107
94
236
170
76
55
147
17
109
245
49
239
23
254
131
81
264
109
61
96
167
100
185
102
93
133
134
231
184
36
182
122
197
112
122
213
114
235
93
79
61
28
159
191
235
248
28
90
147
173
85
24
51
83
11
233
204
281
70
197
272
42
116
1
69
107
260
31
269
276
193
193
49
296
100
21
211
159
287
84
58
206
101
41
284
311
333
312
226
45
72
181
210
15
18
146
148
237
325
124
94
264
119
129
136
69
287
163
15
334
74
76
33
13
239
278
16
236
349
225
136
257
54
98
105
251
81
28
139
3
141
218
20
209
120
194
74
7
316
322
182
179
253
39
226
245
20
101
270
303
52
401
312
52
228
15
227
103
280
314
299
11
345
307
228
166
16
180
399
294
77
111
418
378
266
193
227
260
76
31
334
311
289
269
388
170
252
224
401
247
368
379
394
40
308
415
304
298
344
434
335
169
360
210
155
235
119
100
298
366
326
349
280
317
79
72
374
26
36
3
147
292
90
360
443
313
126
114
268
467
274
166
159
223
323
483
221
316
409
251
284
243
151
392
386
128
68
349
327
52
335
115
357
361
400
4
187
464
402
346
190
393
33
382
63
507
304
451
343
279
375
513
64
284
213
70
435
412
348
389
274
406
507
55
488
7
293
249
275
415
406
220
169
306
205
217
297
8
236
352
347
497
72
513
323
250
394
434
132
37
324
225
2
298
274
103
188
393
409
114
303
532
446
345
113
304
74
489
436
56
574
261
401
193
401
320
465
293
254
573
28
430
504
277
424
410
390
10
374
256
241
414
251
570
261
580
581
3
278
343
134
62
109
53
334
157
284
363
246
245
181
288
442
122
163
430
111
572
499
479
40
226
145
104
186
468
161
213
221
583
352
494
382
457
637
529
223
399
311
562
203
628
68
473
438
365
16
558
451
374
607
125
251
614
421
80
217
662
518
46
103
317
42
656
331
102
21
74
39
526
555
454
514
319
560
228
142
43
541
14
141
199
616
126
80
394
159
685
236
117
90
368
658
647
200
478
245
128
566
343
532
144
389
537
220
650
200
11
513
137
21
394
453
501
400
718
44
72
272
683
654
90
449
439
274
85
543
262
224
558
666
324
389
171
462
407
195
743
637
416
697
336
521
560
491
364
562
631
618
202
86
171
378
318
733
461
411
440
25
338
92
239
280
719
720
398
207
305
778
632
334
97
616
615
319
101
493
173
667
615
77
385
339
489
163
362
499
251
148
602
162
579
53
793
388
728
472
167
517
219
170
801
26
557
159
257
139
194
498
588
785
449
195
321
224
400
754
326
810
655
687
295
95
419
811
416
671
412
100
380
649
818
292
173
275
521
251
840
266
19
72
203
467
445
803
72
532
772
375
428
397
465
441
365
845
802
538
493
129
786
62
94
443
608
226
553
699
395
719
294
526
697
761
94
452
111
829
234
676
482
846
94
214
194
392
868
242
593
539
63
477
221
874
278
214
14
730
847
307
819
910
479
580
862
863
696
587
496
187
733
154
736
877
778
853
726
326
78
118
476
26
625
900
783
346
424
351
761
236
329
243
440
601
918
165
856
378
339
54
413
354
426
477
96
685
518
647
868
613
61
238
408
335
674
448
340
776
36
829
189
243
967
457
737
364
79
684
39
484
768
476
593
830
678
788
35
918
433
896
129
224
410
406
629
669
774
947
828
786
613
184
992
647
232
647
22
532
429
504
869
238
601
939
804
816
703
323
375
380
82
897
666
413
520
765
976
415
734
1013
458
262
243
924
674
986
925
680
575
550
426
306
1037
301
670
128
733
45
421
889
150
36
265
163
247
603
1051
991
944
562
172
305
145
274
571
242
977
553
598
305
904
556
586
517
1055
27
509
480
110
344
1035
388
590
804
1006
131
300
494
580
418
129
764
827
259
1027
45
819
758
900
916
712
693
456
739
565
182
982
1075
1012
933
617
39
13
534
581
986
8
862
113
1037
628
973
1085
331
826
927
360
799
410
537
696
27
36
577
713
211
1104
1122
758
544
256
892
113
1014
630
47
41
1047
92
904
873
564
719
315
378
68
133
1097
51
666
73
806
1073
1097
628
133
475
108
546
117
429
425
187
213
685
955
592
1085
503
474
779
363
1053
1090
1020
976
407
102
239
918
414
356
450
410
747
316
69
134
328
18
828
1052
548
628
252
1003
445
523
938
86
594
72
311
657
247
769
244
2
761
650
947
20
23
619
1051
132
340
1079
1073
1223
902
482
827
806
457
1005
1050
1145
611
422
514
80
95
236
1067
450
687
640
626
788
795
86
573
876
264
388
584
968
1126
704
622
189
478
795
936
831
380
824
178
1051
686
632
224
765
141
843
1194
181
323
823
306
929
938
133
991
677
78
541
748
1133
806
909
190
435
243
1270
1044
443
320
1223
979
129
585
1167
1293
1206
478
1125
428
1145
839
19
612
1108
358
796
566
284
89
939
665
953
1252
520
367
457
658
360
180
874
1119
1298
554
983
303
1132
91
1267
1268
419
400
565
1158
905
1340
36
831
78
1053
592
1284
902
1070
131
1286
1023
805
303
584
772
414
1104
948
952
753
1356
673
591
136
1172
1088
1171
1223
880
831
122
68
459
193
1140
421
357
606
1264
1033
502
128
559
1052
29
1134
653
1168
1096
391
707
1170
899
7
1331
219
528
693
446
826
725
1243
809
819
1189
787
1155
427
50
1317
1126
1010
645
428
435
360
128
39
692
1345
1262
150
595
1310
488
270
1006
397
309
979
937
480
544
1378
648
372
1217
805
221
1320
1324
1295
976
822
1124
752
729
220
414
602
514
294
503
1318
470
1312
258
914
602
862
327
118
262
428
1054
81
1127
920
133
1343
447
1423
117
1397
260
214
556
1066
311
1408
355
35
1007
675
1318
971
440
230
1025
439
470
959
721
385
1422
1087
591
1160
1452
174
1049
1138
169
889
165
327
711
958
476
131
1020
795
616
876
983
580
1254
220
336
113
543
264
307
604
1260
1089
1456
652
888
936
506
496
1331
1256
602
938
578
62
1015
1018
1394
1055
1270
1515
65
881
1128
320
380
320
419
223
1145
511
54
241
695
372
1134
850
1074
1461
1405
797
166
326
1069
235
1025
31
1103
660
914
41
99
1072
572
542
999
1059
1416
878
1390
591
252
552
41
350
1004
504
219
536
1028
823
1444
720
246
1120
767
1246
845
996
45
1446
1580
669
762
568
282
1593
1004
874
1084
1161
784
1028
1109
1031
669
1337
134
1394
203
1227
1617
1070
836
497
1557
1267
1567
829
1347
49
585
914
285
1575
797
891
701
520
468
361
48
702
245
1273
524
1050
378
1587
890
362
1431
18
1479
652
947
384
316
418
948
1068
967
439
451
1175
153
1670
1460
115
1047
973
756
63
583
624
249
947
114
773
760
83
1535
1355
1652
1264
922
150
314
248
336
333
843
1616
438
230
1127
1438
160
217
124
1264
1622
1342
99
1320
654
1150
271
4
856
1277
506
716
61
35
239
1533
1152
1165
269
287
1291
1135
1717
1271
1600
1622
1322
260
1378
516
1354
784
326
1490
574
1121
1380
44
919
410
1278
1228
126
90
1410
494
1572
1432
1518
794
920
1216
72
692
67
431
1209
1571
408
272
1461
1141
374
92
280
607
1181
1675
195
177
810
1432
1080
1725
276
628
67
1144
431
131
859
587
1276
1720
1237
918
814
595
573
85
1060
243
1731
360
363
574
1799
139
1754
1408
1787
615
1218
411
1579
822
718
270
1410
671
1778
1204
973
1155
606
197
1754
216
793
1221
1433
47
1054
1150
597
961
913
1396
522
1113
386
603
797
1159
728
758
70
1625
703
1678
1760
459
291
812
481
1275
250
1167
1209
1263
1427
206
1740
1031
781
313
1001
329
915
708
493
695
1794
1346
338
408
1248
640
920
598
1601
826
1413
1417
657
484
937
384
1387
103
1623
471
1337
713
1596
402
170
1121
1140
657
220
997
1685
1524
1873
1154
845
532
581
621
518
1510
1719
1435
1451
1239
1261
92
229
863
1628
887
495
665
532
966
1583
1284
1594
515
1765
1080
1789
1442
1425
1742
877
219
269
1281
635
1768
615
1836
1574
71
433
1189
1105
1064
1468
1534
1328
1537
174
916
196
921
1945
899
738
93
876
1127
1322
857
884
62
138
1373
71
1142
295
601
161
1137
793
1573
1751
480
1535
789
1422
1624
160
1920
1190
1884
1803
840
1836
391
1316
1627
202
614
1038
1848
722
1791
1128
388
1246
1121
1823
52
879
1380
1937
558
974
1062
1107
443
1641
978
973
1260
1820
1819
438
293
1794
1912
1253
1131
1850
1264
1531
1308
184
597
1328
1489
1640
579
1415
1797
159
1433
1429
270
742
930
141
579
692
136
2002
125
223
718
960
1606
1302
1527
1676
189
7
1179
1180
1676
44
175
824
1568
1397
190
1349
1181
1501
1170
1949
532
1750
323
13
735
264
1274
697
1322
483
1018
1176
1632
509
1737
501
2016
344
859
2013
1365
1759
646
1757
1443
1982
753
1165
1271
572
178
1999
967
1094
1349
30
666
938
1418
2003
1315
1678
962
1496
1730
438
1096
1415
1096
470
476
822
1438
903
1326
1922
1173
711
1146
685
1623
2089
218
1514
1812
1799
1739
1972
276
334
283
478
2110
1591
1459
1668
1218
382
1760
578
905
1836
282
2065
1829
1862
893
853
351
929
193
420
1375
1698
842
779
1782
2093
1850
1640
460
69
2048
490
601
1445
168
2086
1548
2083
506
419
315
613
283
265
1213
1632
1017
1169
1781
1839
1239
2060
704
663
1265
2195
1095
2018
1001
1496
1274
464
1950
1742
1029
1662
1381
202
325
931
14
1714
2089
1804
1032
550
151
1214
1298
1857
170
1608
710
1354
158
1600
773
1368
837
1782
1109
913
1581
1902
496
2119
1312
1014
1179
1655
1536
909
530
133
183
1783
468
242
578
1710
199
1909
955
431
837
457
2055
153
1574
654
269
1846
232
2146
1052
1663
1137
1310
1746
1748
1030
405
1242
1014
1414
1750
2121
161
1905
804
965
949
876
584
390
1928
858
1152
674
42
366
1980
1589
1782
2190
531
837
1685
851
29
2032
1502
1400
1673
679
1704
910
2300
680
2161
1733
2236
1790
13
935
884
1054
476
1175
1703
799
2038
1053
2037
1520
1492
2207
1047
841
674
1408
456
2243
254
94
635
46
349
2313
148
279
1191
1925
1178
1207
1886
768
796
756
2135
1431
1773
830
269
1020
763
937
1969
967
2160
1323
647
1128
968
1215
382
2243
2105
414
1499
1812
713
2010
1362
1783
1158
436
1580
449
1845
1818
615
1970
569
710
954
2241
1281
431
796
1635
1922
228
763
1850
1609
1062
1349
56
2116
1892
49
438
1382
2295
2324
1762
2082
1463
1450
314
811
1501
1029
1303
1536
233
1455
1177
370
887
2193
2365
2288
1555
798
1327
941
2113
1082
1533
1322
594
1525
1965
425
1606
2066
1958
1504
132
1886
1494
1749
2099
592
1230
342
320
1094
588
1810
1312
97
1495
2305
930
265
297
2022
2274
1020
1180
1519
45
1479
554
1377
2433
1065
484
149
1281
755
1701
2275
1747
269
42
1207
1386
1457
67
1285
2347
848
2082
163
954
156
2314
1718
797
1138
2111
1262
718
1533
1701
981
1887
1322
1571
310
1300
1223
2355
47
29
96
751
610
426
438
827
2079
374
688
54
2410
459
636
1104
547
38
2028
1100
796
893
625
1908
1980
841
822
2099
2316
1768
1284
2476
1564
961
942
2159
2411
1645
1335
2232
26
1753
1590
1529
264
656
2316
227
1643
1585
2388
1994
299
2210
1794
2486
2265
477
1
1385
1294
1531
2221
1908
2266
842
1128
29
2387
1683
1543
2498
1112
2006
351
704
2251
954
682
1215
1252
28
2539
2232
571
2455
2481
439
2482
162
1254
1149
994
1598
9
471
1824
240
93
1535
1151
689
2349
573
1777
1314
2478
1706
1548
349
1724
1614
2514
1122
154
1527
1109
1220
1520
950
1227
1790
135
1064
66
2296
967
418
1318
2510
2042
2259
2542
344
743
1132
2343
61
538
259
1146
236
823
91
123
1552
2018
2382
1897
1697
1907
564
970
793
2571
960
1554
2518
1052
2108
815
968
2316
976
1041
332
1194
1200
1045
2231
1539
2212
2528
342
1163
2665
106
2551
1728
615
1264
2634
2463
61
1829
1773
2237
2040
1601
1199
1915
1931
188
2160
834
460
1684
332
982
1665
998
1029
1984
457
2474
791
1576
911
2467
817
2647
861
1649
232
1561
41
605
2463
2398
1024
64
2563
2238
1402
1896
1951
2104
2468
1070
2039
553
1554
2742
2636
2151
1295
810
1425
1759
1074
974
909
162
2711
1486
2062
2131
2529
307
1575
1269
216
1793
1420
2054
2642
8
1090
199
1448
1958
141
1248
2539
245
1213
1415
2767
1749
1304
1860
2546
1537
2246
2450
27
2555
623
2043
2252
1022
2435
2322
29
1026
568
2233
1016
274
2716
1895
1045
1142
2245
2416
329
458
328
1321
2077
1722
2670
1562
2485
974
337
2012
2295
2630
58
300
279
2134
851
2610
1315
979
1778
2440
1487
220
2434
914
861
2064
1390
2347
969
1023
957
755
1585
1281
740
1640
639
1562
2707
149
272
159
1968
1629
520
1718
258
707
2835
1153
2758
1691
942
2761
924
1547
977
2457
2205
2238
673
532
2374
2746
4
1245
2006
797
1206
1317
1677
96
844
1725
293
745
1033
2084
2631
211
2001
2031
2563
2462
1398
1551
1634
2296
1182
2647
1023
282
839
1219
1953
2761
929
926
711
2066
1896
886
1879
790
2642
2360
2244
259
37
1080
625
129
688
234
1186
830
2593
2042
2148
2086
1262
873
972
1467
2687
1784
1289
592
2478
1966
307
1018
1934
2353
2074
2686
2908
2517
2099
1344
1531
1372
2374
1896
1529
1581
436
2786
293
2893
2342
2019
1034
801
2391
2221
203
589
1147
1204
1904
2828
2209
2735
2287
826
2492
2162
2383
1364
2564
3
375
911
2699
2477
2632
1924
2356
2600
894
2
1808
1034
1943
475
176
1365
2574
2113
1695
1173
1287
2196
365
1621
1133
1922
1323
26
2816
2818
1170
2708
233
658
269
2364
2208
2765
108
2107
1115
427
2355
2388
2950
2506
454
2832
1583
776
1319
106
1712
1152
2022
2128
1909
2417
1573
2162
350
442
174
404
1133
439
1948
268
197
8
1547
103
2762
512
1281
850
61
2496
2091
1589
1272
1597
2531
2336
2393
228
2607
2779
1113
2001
1484
511
725
2816
805
842
1861
738
2595
312
424
883
2852
702
1527
757
2812
2626
20
1097
205
1597
442
1483
538
340
1456
2932
545
1458
2304
1917
383
1091
382
983
2863
2333
46
1822
917
721
2793
940
1335
2822
2899
211
506
43
1812
756
893
2466
1578
365
3028
3077
565
567
738
2711
1622
494
378
2481
562
502
90
2448
1529
1327
1577
1713
2309
2171
573
571
199
903
1308
2154
1638
173
511
1839
430
1050
1032
2456
699
769
1236
1453
426
2304
2796
15
22
1704
2567
655
1403
1326
2994
2267
1773
2749
989
468
2639
1636
840
2457
1918
2047
1847
2564
1225
180
1281
2579
1675
1984
314
394
959
890
2741
847
1205
2846
665
2298
1452
2936
160
1417
2882
653
885
2612
1828
398
1712
795
1198
2215
1677
1811
242
1281
2398
2140
23
848
639
195
1893
1610
2570
3161
1618
2365
2272
1038
1900
1164
103
1544
1565
646
403
2043
1494
3156
1163
590
4
338
843
1102
554
1006
2418
978
961
1261
1067
2457
2403
328
297
3082
2800
1410
2425
75
279
1906
430
476
1861
1198
355
1299
1867
1685
1514
2710
1877
2623
2014
18
2509
2216
2282
1149
1245
1183
1943
1936
986
2705
921
10
1959
1280
2180
435
2298
542
2305
1804
3154
1001
1515
758
2669
334
1987
2400
2461
300
420
1653
2084
995
2854
279
393
3060
2436
3236
2174
3010
1081
1137
1941
2773
2667
485
778
1019
2017
524
1660
1459
124
3100
3027
3026
319
1363
2233
2530
702
2849
1485
1432
707
161
3094
183
2517
1566
1938
1314
88
2047
2008
1801
394
2335
1096
2208
3065
3041
837
832
1604
839
385
3360
1265
1224
3079
629
3248
726
962
481
3200
1503
46
369
2560
2062
1711
600
435
3059
2429
2301
116
1514
1971
682
171
2276
863
3276
2314
2966
1730
1860
1504
3043
228
1820
1325
446
333
3156
1241
1691
1556
1598
474
272
573
1780
1374
2633
1885
3326
1886
1088
1987
297
2545
1434
3216
1433
1095
2721
3163
3233
261
2085
1918
708
1531
74
1731
3343
2150
2352
803
2877
599
761
446
1567
228
1419
1860
2583
835
3311
262
3037
1923
1352
2156
1011
2845
1720
3298
3040
692
502
2525
1077
847
3097
1114
3113
2113
1279
3305
2288
3149
3254
2050
3112
2822
2413
452
1238
1222
1997
1638
1622
3414
1670
133
1853
665
1628
1293
1753
3397
3475
2202
1145
475
70
1619
1055
1770
3363
3145
1429
631
2914
2986
2212
3071
3109
433
2069
3360
1332
3387
2013
1767
840
2062
2678
3293
3225
2666
2804
1579
1423
1542
1274
1755
1930
704
200
2189
3326
330
2442
891
1370
2329
992
1962
174
287
528
2422
619
3075
842
2682
1427
1591
302
3388
2159
2288
2295
2901
2502
1037
2716
1778
2138
2540
2996
1905
1890
3108
3049
1351
2296
1252
2149
590
1297
1798
2356
411
3254
803
336
2534
435
3022
2607
56
1722
76
3342
1614
2462
9
2148
964
3301
2741
3340
2884
2223
3089
67
1828
32
961
1335
3341
1049
419
345
2048
1502
3556
2605
730
3502
286
2032
3180
2066
22
1011
2052
843
1849
1520
2322
711
1748
2245
2662
3345
1247
1560
1265
2450
3130
920
2564
1277
3150
3191
1023
540
1601
1464
3394
1761
3173
3470
2427
2782
1272
2290
3645
340
2895
3036
1790
1650
1758
189
1235
3421
1915
2766
2973
2669
2481
915
1639
246
2021
1932
2769
2756
654
2113
1471
1369
292
1462
3039
2077
3172
3387
1795
2405
1491
1808
1506
2720
1837
2988
3566
947
2022
332
621
2709
317
1906
742
662
2151
2592
3241
1989
3301
836
510
726
1225
2415
863
176
400
1674
3654
3038
1269
3064
942
950
330
730
3670
2045
859
1773
2896
2909
1659
2266
1872
1239
3355
1911
1340
908
936
1596
3032
2065
1578
289
12
429
862
1346
96
3600
694
2679
2342
1061
2798
135
1542
3100
1808
1680
1154
1872
2456
974
1602
1286
2503
732
2564
3180
1040
2919
977
187
3584
3521
1695
2377
2998
1900
3697
2009
2103
3364
1292
1042
782
1974
515
3453
1916
2100
3472
3787
2698
2563
3146
794
2079
455
3608
1558
2468
2619
1961
792
1983
2336
2261
2345
3180
1444
1027
3469
3799
2344
3531
3233
1715
3182
1384
2956
1800
3808
1814
3756
2750
364
1375
3476
312
1951
1931
2837
2526
1232
1977
2514
3380
2408
1158
2465
1677
3717
149
1523
182
1893
2812
3249
527
3025
676
1359
3863
2078
3701
2415
3004
2323
1917
1603
2680
984
3522
1412
3752
2555
510
147
2975
2928
2540
2285
3200
1525
1155
3238
3137
469
2181
864
2046
880
3813
2806
3528
2067
2476
3146
2650
2775
2779
678
3516
9
2902
3296
59
339
1330
520
80
1005
3194
762
3182
305
2281
3405
3674
2715
1661
1642
1667
2606
2208
909
1981
828
805
1319
2822
2988
1127
2790
2651
2746
3424
1176
3349
3475
2083
3858
2476
3855
1573
894
3582
2259
1431
3579
3891
1859
2729
1775
1991
2837
123
1366
3543
806
2309
3712
2661
2606
2357
2911
277
3731
3626
968
1939
3158
1792
3266
1812
1464
845
2463
952
2757
1478
3473
1904
2109
1518
3227
503
120
838
3202
1093
2351
3612
662
2616
2816
384
2161
2276
414
1902
3768
991
976
3513
292
2037
1241
632
1842
2301
1482
3519
3753
1999
1761
3678
1596
1893
27
3876
1233
1545
1473
266
1452
1164
1834
2612
651
276
2677
2398
1803
141
435
82
1220
2726
739
3096
330
398
1231
2406
1917
3587
378
977
960
3802
3433
3362
3755
304
3397
3873
3087
405
2185
700
897
1468
3386
3197
1897
3730
2539
1827
231
3076
3015
348
2209
67
383
507
192
2275
1317
3867
3898
3169
287
638
1654
2335
2438
921
4026
1895
1280
3227
3522
1537
2880
899
3229
1810
120
525
2753
143
3765
2766
1060
2026
3285
3887
1126
151
2088
1064
3517
3802
3892
2119
86
182
1826
1610
3457
3647
171
1784
1840
3929
1540
3659
518
1618
3272
2508
1656
830
3320
1280
1268
1503
3399
1886
2343
2564
3327
3828
77
407
2518
3846
3862
170
841
3657
4026
1966
386
3535
3081
2198
3560
1810
2950
2956
1640
1399
125
1021
202
888
2159
3640
204
2345
2274
3472
2339
3733
3853
956
1712
2390
642
2903
1050
3563
834
1739
3985
1230
971
2255
2900
1507
2959
599
2872
1292
2570
2008
3914
1799
1609
1343
3915
1678
3126
1048
2110
2013
1688
239
378
4188
339
901
1921
1753
649
3386
3157
605
4020
4024
1994
3003
1715
1639
2614
1351
730
686
2378
2964
2503
2169
2992
2420
3830
3044
871
2669
1726
712
3838
2543
1503
2494
405
1553
1485
2976
1965
653
2238
1753
321
3821
2907
2830
3832
3386
3060
2156
128
2447
1135
3832
1966
3845
940
3591
2680
1132
7
2676
289
1612
719
1268
2944
2778
1199
530
2268
2043
4067
1912
1656
2272
2634
2659
1211
2303
1924
3625
3992
1571
1140
1461
2546
4229
679
3851
1664
2379
1750
782
1080
1723
420
2509
3822
2673
699
2425
2948
3270
2975
125
3916
368
713
1956
413
48
1207
1950
605
3041
2892
3977
1542
3209
69
3498
129
831
4136
2850
1942
868
692
3277
51
3697
1144
2665
2699
1627
2129
4033
1294
2064
2823
3196
2735
3768
192
58
4088
1509
3533
1080
917
3284
896
3705
600
2939
27
1865
457
38
3465
858
1228
3860
755
4046
3638
1259
2492
105
2490
1107
2008
2753
1756
2513
3463
1777
4360
2777
339
1483
1588
2893
551
4063
1637
623
2077
1689
3109
2176
3104
17
1951
1969
3377
2227
290
1878
2178
301
1323
3417
3293
914
3643
3513
3064
1807
495
2594
2303
2540
3300
546
851
3027
3786
3431
957
813
1825
1470
2102
1345
1596
410
3319
1133
3832
2405
2711
1746
117
3110
1985
3547
3645
2406
1184
3725
3264
4281
3361
4163
4313
3398
2927
1585
909
367
4020
1458
2278
3465
2579
906
3494
3733
1655
1232
855
4119
1149
706
3094
3277
3773
2477
2369
781
719
3458
3770
146
1887
1293
280
2948
2228
2508
2378
2952
277
4036
2054
3245
3928
1024
3775
3927
4370
1924
3059
3418
3420
2999
4458
2848
2748
3139
3504
4017
4046
3907
2933
1350
2052
351
1133
221
3554
433
3924
4375
2319
907
750
3962
3798
4110
2532
2003
2024
2665
3249
3038
4452
3071
3842
1046
4279
20
4291
3214
4518
2713
948
4315
3534
2815
4510
635
3330
262
230
1882
4232
296
472
1294
933
2870
2445
2808
2204
2852
2402
4080
4501
4497
2670
3549
4229
63
219
797
1139
3566
1671
2086
4544
3907
3022
1948
1235
3337
1015
4273
2173
1869
