1996
2
1
1
1
1
6
3
2
5
8
1
9
7
7
4
11
9
16
11
20
5
5
6
15
2
17
1
12
13
3
24
11
33
20
15
15
26
19
14
14
19
29
1
22
41
28
23
4
42
36
13
23
51
43
14
40
26
34
2
48
58
28
10
10
15
42
26
25
20
63
35
9
1
23
53
22
43
46
52
19
22
37
45
1
80
65
59
5
36
69
15
27
16
27
61
85
55
9
85
30
5
28
1
40
67
89
85
70
3
64
93
52
2
86
15
29
95
38
91
120
30
102
46
94
8
17
18
100
50
56
36
29
47
82
107
130
120
121
73
106
65
21
106
135
33
68
6
117
125
95
115
25
45
64
100
40
78
123
40
88
59
52
95
127
129
43
71
52
146
18
90
63
38
161
45
11
29
156
13
57
50
67
106
64
129
67
46
78
18
174
126
110
127
6
55
130
72
111
62
68
80
6
133
203
90
17
45
162
61
8
164
187
41
102
164
14
126
77
82
113
169
155
173
188
148
152
84
24
223
229
122
38
205
230
177
89
169
142
69
60
17
214
213
140
3
120
103
95
36
239
133
2
174
239
133
177
28
56
11
49
22
70
96
50
233
184
193
25
257
114
228
123
211
90
172
17
137
64
35
212
252
89
33
69
146
269
159
104
111
182
125
146
227
87
185
167
73
3
281
192
26
134
258
280
214
22
137
272
306
119
64
227
8
221
256
103
81
191
129
299
210
104
311
215
115
146
242
209
145
311
312
306
189
243
233
22
208
14
204
47
55
334
191
175
344
333
153
344
48
251
352
125
354
131
46
39
221
116
87
165
54
231
342
24
353
289
302
292
8
328
356
16
322
316
370
147
319
101
9
123
14
43
203
274
125
97
50
204
387
20
26
208
134
160
82
213
100
3
4
166
320
279
353
101
183
125
22
376
280
144
360
326
157
199
80
182
62
315
406
263
323
332
274
159
318
190
96
276
326
349
213
150
219
160
231
45
186
274
58
303
51
220
377
74
270
252
276
67
272
71
34
96
129
388
442
368
46
436
289
38
355
318
313
385
31
302
244
385
421
290
128
157
138
243
246
338
247
399
147
83
224
105
374
396
211
398
280
454
149
122
418
76
324
397
216
273
136
65
361
320
461
481
285
436
344
435
85
112
204
12
288
441
451
131
364
412
495
257
368
310
214
124
452
153
167
139
189
493
288
60
491
27
135
403
310
322
368
142
168
298
180
28
248
16
350
406
435
189
465
400
291
313
459
407
9
388
506
62
45
283
514
394
12
83
143
22
283
36
412
282
126
448
219
158
527
195
196
270
54
529
158
251
382
463
296
499
446
291
463
432
573
3
98
241
366
250
569
220
74
525
172
65
300
592
206
481
235
326
139
497
282
188
89
72
319
183
167
367
134
465
323
577
373
232
313
627
294
475
593
416
293
478
311
609
372
339
408
488
441
134
101
93
192
182
228
292
229
99
281
178
176
160
40
45
58
548
12
336
290
197
74
51
504
494
182
409
601
427
60
314
630
558
301
423
134
136
486
679
319
511
540
79
463
559
448
668
457
303
128
402
382
523
12
314
571
57
234
102
157
645
46
413
144
375
259
678
661
440
574
707
103
116
290
506
616
303
434
20
100
544
514
581
434
255
162
350
728
549
21
638
6
283
219
21
349
666
579
482
166
330
387
258
163
719
687
223
739
71
386
98
260
586
735
439
266
628
513
319
254
452
422
34
351
339
496
4
663
721
119
388
612
329
156
148
198
92
632
642
526
736
567
147
650
66
244
616
107
506
280
20
619
485
158
60
225
715
100
489
230
407
96
91
796
655
34
278
127
266
186
116
465
32
117
742
355
471
470
747
369
299
72
635
252
38
533
356
255
74
364
224
603
586
599
751
117
679
625
92
188
272
418
364
621
110
264
809
355
681
2
49
293
345
661
629
188
576
478
48
473
406
605
50
432
217
254
656
237
214
178
722
387
187
2
53
455
396
808
366
101
70
337
546
617
53
452
523
780
547
388
20
402
213
281
568
513
821
262
638
877
886
193
256
534
530
781
591
748
841
898
820
341
598
751
33
188
874
303
3
598
418
355
313
23
161
305
829
284
791
465
60
243
776
451
329
452
858
792
923
816
787
701
645
387
515
751
749
168
595
235
631
593
323
916
896
738
368
83
489
467
574
586
410
183
797
929
510
478
11
606
800
613
292
892
438
855
897
961
710
624
856
164
372
135
571
560
832
414
146
193
7
538
291
310
763
789
588
930
417
190
134
396
620
662
644
564
448
302
491
256
697
195
997
80
419
375
24
658
324
311
808
605
737
951
915
846
403
963
489
435
688
43
310
217
93
783
875
846
299
390
552
675
880
845
664
758
723
851
362
404
600
139
816
380
7
273
824
784
677
529
570
742
238
545
265
1038
321
1029
801
743
420
315
693
621
445
228
150
484
261
931
823
404
674
475
901
1032
678
796
622
1033
660
597
378
868
1089
411
362
270
870
774
386
284
545
494
1006
207
496
298
1092
753
195
279
902
1059
771
43
613
1112
711
722
661
363
1064
909
1065
807
878
1036
266
607
1063
337
918
834
842
1110
604
52
828
152
421
549
40
1041
966
379
633
14
1030
1080
333
1151
389
195
547
1061
721
52
373
145
897
435
806
95
764
817
537
824
524
878
1113
675
520
490
618
527
873
858
859
134
18
651
944
1139
1072
1071
198
82
479
637
1039
197
268
418
24
193
227
1033
1117
264
1143
383
51
934
840
870
440
757
289
694
716
864
107
206
1040
983
736
347
876
1150
909
475
642
604
676
717
868
1145
549
79
33
1016
838
953
143
992
810
1197
497
532
363
345
33
1202
1099
184
604
748
1138
166
313
615
752
1141
995
1076
539
611
817
143
725
1249
875
1112
1259
368
292
636
1249
1134
53
34
441
1269
744
1072
195
713
11
148
957
351
1281
710
822
14
562
973
506
1236
1263
584
819
989
209
629
257
324
5
232
520
939
978
65
690
1036
723
562
1203
459
1272
1224
493
408
235
69
367
309
370
50
819
496
653
710
155
1187
397
1308
596
649
873
281
1298
752
719
279
136
373
1183
1015
475
308
1194
1297
725
623
596
131
1154
152
399
269
256
1162
1036
1238
970
675
908
1357
156
1322
23
554
1319
446
238
977
1345
326
907
562
288
93
645
1375
285
607
1361
501
552
982
926
548
1168
365
239
785
645
973
1184
1270
587
424
1208
207
13
1162
150
185
957
842
780
1042
1240
1117
292
1270
1184
394
910
603
816
994
472
1257
184
812
137
149
893
714
260
1027
474
415
918
143
480
1121
485
1032
1162
1364
1164
543
1114
500
129
172
1012
798
1036
311
286
1359
1250
1355
1224
1062
618
1239
412
423
674
28
1397
447
10
113
61
897
767
1259
117
497
108
499
647
621
785
1026
1352
187
1286
273
1111
1108
1108
586
11
891
1473
418
996
277
1387
995
591
1270
310
455
149
1077
312
240
1407
135
58
1257
661
964
1160
1402
871
873
1030
1167
535
1266
319
744
1491
357
1361
81
1458
353
1231
686
346
1512
833
1241
746
1166
232
140
216
1411
521
858
245
438
1350
995
1510
356
1344
1117
1405
1365
439
936
472
104
145
816
72
1077
816
731
340
134
21
1094
1279
1146
1172
1315
606
153
719
435
1452
1417
233
1350
370
514
423
1102
498
1568
822
855
995
1427
451
1090
137
720
672
811
403
1175
535
1379
11
1317
704
1524
864
40
1412
573
1240
914
1412
459
309
1590
549
121
900
1563
711
935
1187
1608
656
545
706
1380
1205
650
314
360
674
1230
1042
487
493
119
1236
19
925
674
1056
1524
247
727
101
934
101
1409
346
527
1233
310
124
1249
444
1119
1173
843
1637
506
221
1463
280
1213
935
1237
219
796
892
372
811
1239
1105
1574
761
1298
1110
1508
689
1526
42
821
1040
1004
183
332
833
859
1096
552
382
1394
431
34
1477
1196
149
101
494
824
877
1683
355
969
1191
957
1400
284
174
562
89
1378
164
1369
405
479
321
646
1475
1649
1705
17
1655
1141
63
1436
1040
993
974
236
56
237
197
612
912
130
1010
114
365
1115
1159
720
1445
177
565
1647
650
620
618
1228
1640
1015
1057
1447
836
175
780
120
1569
1424
242
729
828
771
1556
466
1189
276
261
970
338
281
1365
696
1157
1220
33
1684
1386
1434
799
1067
219
1497
89
1709
348
833
1425
383
389
871
661
544
1199
1652
444
1722
917
407
459
1402
1282
831
776
46
719
1252
1510
218
782
36
605
1514
703
141
1059
1380
143
1164
1318
1604
277
1547
944
823
1220
636
1265
836
979
685
29
610
553
649
291
37
1170
466
1554
842
378
1360
483
1833
1729
814
1188
1181
832
329
602
698
751
1404
1115
1101
840
1777
1383
1185
914
15
1520
1115
1076
1226
502
496
1479
1304
424
531
735
1698
914
1081
1178
115
248
695
902
1783
164
579
324
1665
804
260
1242
1584
542
956
1851
128
1328
1403
150
104
1629
552
1343
1270
1365
1258
793
48
1175
1685
745
1604
1215
1433
1537
1131
1544
1271
863
752
948
552
1547
675
1155
1392
505
1527
526
338
1570
1249
1793
1194
1074
1618
1349
411
1921
1875
1634
686
1856
1855
1924
1101
1395
471
1604
210
1023
1516
1706
1248
1516
1094
521
1406
467
759
1690
848
167
1277
167
1657
833
330
1013
1031
574
1933
1853
748
854
1412
1725
214
1863
1357
692
545
781
301
73
1520
1463
1001
1808
229
1622
546
1018
287
840
464
179
162
878
414
499
1603
1815
1553
1612
431
1565
1548
