4062
2
1
4
5
2
6
2
2
6
3
10
10
9
2
12
9
13
12
19
21
10
13
19
6
11
13
20
2
20
9
1
4
2
19
19
9
34
31
6
29
14
6
8
22
9
9
7
13
49
7
23
15
38
1
30
27
49
46
9
7
44
57
26
55
16
17
36
21
29
58
34
37
11
44
30
16
67
68
71
22
5
63
65
51
77
8
12
49
73
86
68
17
35
71
89
27
38
86
91
75
6
24
95
43
42
47
102
13
104
72
40
26
25
95
4
95
109
32
36
92
99
108
31
83
93
34
103
21
94
101
111
39
40
18
78
33
84
51
122
32
121
46
35
22
73
33
29
19
37
61
17
34
11
123
7
145
101
79
90
140
130
10
84
19
117
63
69
168
91
4
139
112
109
86
16
76
123
165
128
65
105
3
122
12
122
1
176
178
187
1
8
40
121
169
131
84
29
70
177
87
39
64
89
99
5
6
203
165
113
13
43
197
148
189
42
3
65
128
86
7
108
152
64
115
172
24
215
91
32
170
97
168
197
45
31
84
218
198
139
188
125
210
8
21
11
110
171
148
41
235
8
66
216
123
74
178
109
184
104
78
143
147
154
61
250
216
188
132
208
38
48
48
264
13
13
275
131
276
229
76
109
71
278
284
126
206
146
188
88
230
132
48
52
237
68
66
96
281
239
27
147
247
13
8
294
155
22
14
190
311
110
113
244
210
204
55
151
119
203
246
207
115
273
11
37
180
54
7
11
73
152
31
294
224
77
110
26
62
319
185
1
204
190
37
208
337
202
218
313
201
206
191
54
277
324
9
323
265
308
21
244
181
107
144
330
343
311
361
86
56
256
206
288
32
239
19
272
278
74
36
354
116
132
118
235
269
134
202
288
314
162
315
210
204
38
274
91
360
190
326
383
55
324
193
52
320
108
97
323
40
215
39
143
331
145
212
341
175
68
20
62
311
332
180
31
145
51
25
19
351
29
353
396
309
35
220
353
73
293
243
407
259
73
407
444
304
341
328
337
37
207
70
17
92
231
354
422
235
373
456
221
328
279
432
252
110
381
220
103
470
170
40
370
323
195
40
451
297
183
169
185
284
359
340
292
433
312
144
80
313
456
180
213
357
347
386
398
124
228
229
461
139
480
184
292
232
4
236
437
172
508
94
98
423
451
1
483
472
372
342
398
7
416
76
75
276
101
327
8
243
506
471
210
120
168
154
438
286
358
390
485
476
206
480
451
430
193
181
288
406
160
61
195
331
220
310
22
385
260
80
369
403
519
282
244
467
4
519
234
195
413
169
254
332
535
230
218
32
296
152
322
273
37
266
323
1
580
343
295
121
36
366
402
402
522
29
472
409
353
374
83
484
150
77
165
537
245
372
503
220
286
323
579
513
266
391
385
419
352
59
524
514
19
612
561
512
442
474
500
118
526
279
584
278
403
398
577
634
296
392
185
429
340
206
257
354
516
435
539
403
539
439
524
183
399
452
56
28
359
360
550
367
600
46
568
126
25
327
185
228
599
171
262
194
520
556
627
510
102
495
549
224
642
422
638
86
232
251
87
134
436
401
671
121
1
237
441
352
586
557
548
516
501
353
300
659
689
524
377
76
43
601
112
372
393
316
227
159
358
184
153
544
389
632
23
513
399
639
438
247
446
685
361
157
648
242
615
78
106
75
477
97
552
168
192
709
603
174
23
668
358
575
298
517
281
151
710
248
186
27
471
179
677
156
493
6
521
643
104
234
375
596
77
733
685
529
499
712
366
714
578
608
41
491
284
72
726
492
619
613
668
351
789
651
296
119
248
226
98
554
114
130
499
70
71
612
100
84
296
468
294
659
788
121
545
118
306
115
524
757
597
82
495
319
782
252
193
308
634
618
439
357
405
109
348
489
168
475
4
101
719
99
819
149
213
446
269
397
585
275
116
541
422
421
305
108
381
210
546
382
162
779
580
139
691
605
211
709
791
822
347
694
795
2
224
612
871
369
212
68
829
480
715
17
556
194
108
665
526
322
763
378
882
764
586
97
830
147
599
625
316
594
455
794
708
772
621
96
170
474
301
484
640
255
475
799
234
427
48
641
446
626
142
539
589
714
828
46
13
697
900
370
263
286
172
803
349
248
750
380
550
744
321
111
336
819
573
308
544
328
497
69
637
341
377
364
349
471
158
273
467
688
583
540
201
539
730
676
838
690
855
436
329
666
721
22
466
70
7
140
938
687
557
887
86
224
607
343
86
191
638
574
758
104
465
439
673
26
262
867
914
141
340
467
959
359
42
217
882
658
491
21
455
895
137
704
586
586
388
505
4
848
539
602
43
213
449
291
366
962
604
92
803
448
160
713
155
952
134
980
386
977
510
792
362
530
953
812
533
518
255
485
137
5
6
737
278
438
587
836
192
183
358
246
1
175
1060
699
404
417
176
790
440
956
354
640
589
149
223
2
311
317
9
845
457
82
839
517
396
952
306
680
509
867
183
445
140
154
401
482
448
900
573
449
801
786
360
423
12
696
812
414
767
401
779
931
416
352
649
980
522
585
315
353
614
194
896
461
730
339
289
941
39
1027
251
1031
581
175
1035
185
632
519
126
447
591
51
145
111
374
799
731
1020
955
603
54
84
1026
997
1016
357
715
650
932
306
600
412
584
402
371
444
178
597
818
858
622
890
159
160
70
477
1102
135
591
194
867
1000
879
710
737
879
712
421
581
450
272
79
315
759
294
1047
383
865
572
36
744
714
1017
1142
1148
208
559
134
268
743
709
792
140
122
177
426
453
379
255
617
796
1021
825
862
731
208
395
928
1184
1197
520
123
427
450
765
657
717
628
5
384
89
592
313
335
154
1208
1163
906
716
1094
973
491
12
901
353
193
638
849
699
531
451
669
513
395
4
888
242
1250
973
1117
331
974
1165
412
214
717
135
848
487
788
597
100
581
903
899
912
708
629
948
37
1234
875
1233
1143
8
973
654
384
459
945
653
307
348
1262
201
624
1289
550
577
945
927
37
1032
293
710
1095
383
142
1179
1090
329
438
203
911
742
701
584
281
1006
109
1098
1034
699
135
989
1176
1085
410
564
129
928
1063
836
1181
840
1107
216
690
112
574
1056
1111
957
789
1342
305
705
1020
642
1354
189
702
1132
553
1063
163
684
1341
199
1346
1104
93
1263
431
1331
77
729
274
718
711
1084
967
1288
810
162
112
203
1380
627
1295
1268
284
144
28
999
204
1376
1259
1207
301
401
1005
43
326
1393
80
400
976
114
1362
1087
1317
51
739
1043
1259
433
442
871
1239
1230
1404
1002
1415
35
684
144
117
373
1241
468
281
941
246
1179
680
593
552
1029
1442
719
643
568
535
306
43
1366
635
476
1260
1334
443
970
1284
1143
275
48
316
70
49
506
842
1453
670
1400
39
407
1274
1073
656
1100
782
1187
712
66
190
975
617
527
188
22
757
423
1478
1212
1344
1454
893
632
708
1331
1163
841
512
1090
720
867
1026
951
693
990
776
293
725
1063
1379
414
422
111
916
1146
211
1287
947
85
311
844
698
1413
666
1191
942
873
1357
635
1353
79
1481
1502
743
326
1504
1328
865
109
1055
852
1427
158
951
420
1434
134
807
1373
1127
984
589
1477
312
1256
912
65
644
1222
1119
791
1279
1485
453
1238
1508
37
493
486
1191
1084
1055
1556
1077
30
100
1274
760
238
940
697
1147
1044
1002
1219
149
828
1498
456
431
270
52
1105
1287
533
789
318
463
903
1541
483
1409
312
1275
1315
1063
715
699
263
427
890
27
691
992
47
122
792
1236
903
25
723
699
598
206
489
1082
1567
366
1190
302
912
931
1039
110
1105
504
1385
1191
194
910
782
659
104
386
1058
1025
618
249
237
74
779
1544
353
458
938
1109
1501
519
859
626
17
453
371
387
849
1110
1156
1487
691
612
868
111
302
995
740
67
1141
395
841
1401
1112
874
1318
634
1141
729
948
375
280
1634
87
1
383
145
1668
473
1642
653
949
1118
884
872
223
889
268
1441
851
116
281
689
550
648
1115
476
497
1677
820
1363
581
48
112
1379
1515
1181
1594
180
984
1384
483
186
1288
1492
1240
794
65
714
1418
1216
1215
168
433
180
457
309
885
1373
1483
1356
1185
1433
555
1520
668
446
1370
1004
623
419
1574
1702
1603
1306
351
1530
668
364
867
891
1369
1494
778
1537
763
1384
851
1299
820
290
1640
599
336
343
373
775
403
1760
316
636
829
212
866
989
164
197
1154
1592
1718
875
654
415
1061
172
1328
1689
733
420
126
832
867
1229
804
942
352
205
1198
703
1577
1043
339
999
1021
402
83
1664
265
1645
1703
1250
293
1574
195
458
419
1172
7
72
1677
780
1479
1030
161
1412
141
64
444
380
1296
18
1728
946
1656
318
640
1167
847
523
1378
735
318
218
688
314
150
1082
1641
131
422
1187
687
336
886
1762
1252
1828
921
1420
69
1171
611
1556
406
1221
1432
794
444
1432
503
1824
593
1421
1672
1289
912
477
142
853
1806
504
109
134
1450
1096
1714
353
76
408
1048
472
1238
1180
611
225
453
203
883
1654
1652
307
60
221
1095
964
264
963
1740
1471
811
340
1799
1347
453
858
554
632
1039
1734
1611
1084
1250
1379
1502
1060
361
1488
679
1762
438
1695
598
359
93
1701
82
1315
768
302
547
961
1626
1916
420
652
267
18
1302
1580
1738
883
906
1782
783
1598
1397
207
426
47
470
1701
1030
1852
1271
1104
327
1584
785
372
841
1970
687
442
87
1356
419
1601
1864
1570
797
1245
1171
1056
204
1557
1346
1868
731
1654
1086
758
1563
1479
502
852
1565
368
955
1656
946
259
196
2013
949
1522
1269
1587
1000
1405
1247
163
597
1958
1565
1022
1104
901
1588
195
811
271
1824
686
338
103
1209
1057
581
895
1073
2026
23
1658
1662
776
1464
793
1091
459
312
1702
1563
604
747
1689
1320
807
1721
945
244
377
490
592
1632
632
513
1867
1317
2042
8
1471
735
1152
1224
269
123
196
1503
1399
2055
1596
1012
1963
658
554
1377
223
703
1651
1600
1508
1186
1495
379
299
1079
1753
1320
1798
1325
1789
245
1078
1647
808
422
1699
567
652
357
1032
591
38
2028
627
430
1047
2090
1636
134
866
283
809
1542
247
930
1690
607
2026
1861
1030
93
1945
452
1470
1221
1653
849
2094
313
1417
139
719
460
833
221
14
1223
1382
1389
1703
473
1310
406
16
1480
838
1112
1391
197
49
826
1501
1520
1311
1077
1671
264
1574
81
387
1717
402
2181
1432
1443
978
1716
2008
44
1902
1366
1310
1257
178
691
2065
385
1750
827
2173
1671
295
1052
106
2160
1105
1286
215
1942
1777
200
1664
2003
704
1773
1547
1949
787
164
1652
1165
1344
315
548
1170
1468
784
1040
1708
309
392
441
1055
565
1814
2097
1157
1943
1636
1294
727
1829
1843
1915
1520
698
1182
945
1285
1386
1685
976
1100
1161
1730
711
817
391
373
2157
1715
384
1730
2205
1389
1343
1863
1396
1334
488
754
51
977
33
405
2031
834
1144
1652
298
2235
1139
2245
584
1789
1519
2071
1658
539
1835
1654
316
1334
2133
514
441
1225
768
801
905
625
134
651
180
1118
211
1332
1740
173
1137
1951
949
558
1403
2047
1727
608
1429
897
2240
1352
856
116
2110
560
443
919
315
557
2249
168
1696
433
1845
1625
2080
1383
981
1329
1799
2161
248
813
1391
1120
1521
661
2332
1578
259
553
425
1417
643
1133
1730
1335
2004
2328
1639
1194
725
1135
1013
2013
1833
1868
1293
2202
1017
1805
1466
1801
454
1824
977
1086
2064
1879
1357
568
1481
44
1557
2173
534
517
594
536
877
1183
138
1976
1213
2050
227
910
309
93
896
391
1571
853
666
1120
724
273
895
2210
2084
489
935
2308
230
1209
1530
243
1013
2004
233
2304
2165
146
1852
2064
525
446
372
1247
1595
2364
1965
1730
596
2042
1565
2319
1241
654
140
1741
179
535
854
120
283
146
315
1718
430
1894
231
2315
962
1989
1017
1517
761
1937
671
45
1112
20
2155
797
981
151
1327
1580
1280
1768
1665
1661
1923
79
664
257
2372
448
691
632
78
812
1887
1734
663
232
953
447
1202
306
1887
228
773
858
238
60
1992
1269
380
2250
1571
1618
1991
428
372
423
2084
2191
1518
2312
1275
974
1429
902
1750
389
2040
94
1031
2451
2388
1714
166
1777
1703
626
1868
834
545
1561
294
2513
90
919
772
2162
1162
1980
2256
1597
497
334
1591
2069
1457
1147
1101
1720
1733
738
2450
649
2143
553
2170
856
97
1329
1237
1062
1809
221
1027
176
1535
591
2151
1308
580
2151
2421
474
2308
1067
612
2569
1903
2197
1960
686
2031
1355
1479
1657
827
1535
732
1979
1962
1483
1012
830
418
301
444
268
247
1262
1136
4
1430
609
202
618
311
2499
467
602
120
598
1345
1825
1386
2072
2606
1705
1507
433
2103
612
1598
1148
133
1812
731
855
2523
1595
229
553
801
2548
2506
1186
2475
1016
252
1047
185
1651
753
994
1171
972
2301
1395
2494
1964
1993
69
2064
2584
1760
755
1598
1734
845
36
2423
284
164
2075
236
1799
2072
2482
2051
855
2488
589
166
1736
1037
619
1043
1223
705
2470
1451
1066
2003
2214
782
814
134
2574
747
363
53
1314
1935
1724
1342
2224
741
1012
1148
2165
1298
821
610
862
698
2229
382
1403
21
1708
1119
766
924
38
1230
2303
2412
147
2088
919
1615
1721
695
1715
1965
1390
143
248
481
238
1382
1180
505
205
739
48
1160
1644
1397
2443
506
1897
1701
2437
1652
974
1222
2460
701
99
239
974
112
1785
848
2049
2493
1682
2443
1415
508
847
1163
2621
827
1208
2205
960
1204
1249
1373
2173
2117
1804
2300
255
1172
967
168
2359
416
30
52
544
957
538
1933
822
2700
1641
2556
2153
2406
2535
565
492
305
2039
2517
732
2311
292
100
677
2727
1961
199
2406
2472
989
2211
2757
821
1712
2621
2437
2173
2543
7
1420
826
1807
2353
1854
2251
2412
642
2648
957
445
2305
2532
26
2728
195
1195
852
2073
1884
2452
2303
2412
1377
1083
1174
1814
398
1496
2417
569
1734
334
1120
511
11
1342
2443
1368
2205
1296
278
1366
1598
2035
1739
1739
2437
284
1957
1907
1344
1229
2043
137
850
930
2543
1604
2859
260
897
1579
2257
891
1347
670
1528
1754
2073
2283
2395
2461
2073
369
1045
2425
1763
2240
502
2367
1304
776
626
1072
1698
2409
1565
222
1423
2872
288
521
2456
1420
2110
2689
2619
932
1444
2137
1452
1158
69
2388
2502
2748
2522
104
1894
1608
381
1095
2879
241
1613
1499
1767
494
118
1166
2707
326
351
1486
719
1845
971
24
2527
2693
529
68
2285
357
310
1204
1042
318
1925
2652
1805
1082
1996
611
621
667
368
2150
149
993
566
2719
487
1593
535
1700
267
23
2063
924
2830
2081
496
1336
1820
1131
767
2855
2917
884
266
2203
1186
2752
318
1535
1596
2530
2197
1238
1964
2411
2331
48
294
2946
2684
1052
643
1565
1484
158
1861
2559
2256
198
128
776
2639
2432
1120
1532
2240
569
2050
1857
1360
361
1766
2055
1727
1413
1502
1687
29
2681
310
204
2689
2963
2878
26
2481
1372
2177
2727
1094
1854
896
123
1022
418
2634
2992
249
2867
694
1659
771
1527
898
428
2010
2524
1674
550
2332
2526
2905
1312
2658
1593
2610
2025
1038
1432
2543
1583
948
2729
1820
628
727
2582
880
2950
1980
2515
293
1310
564
1148
2713
193
838
1050
2061
1102
1791
2581
278
767
1709
2630
1766
1456
2994
363
479
1818
707
1166
1231
2919
1252
148
1583
937
2107
1037
2444
172
974
1962
2567
723
2399
1623
815
1635
2980
547
2457
1105
2464
2852
1365
1521
1019
203
2504
13
2474
216
915
1831
1158
30
1460
2318
2439
902
3034
1738
2677
87
2757
194
1491
1908
423
3090
932
1415
2087
2581
3066
2889
2790
1439
389
3166
1346
1657
2188
2249
1704
1169
2688
1714
1632
1698
179
2213
1913
2416
2466
328
2429
950
1919
2974
2772
544
1956
1261
1910
1216
2729
1047
2471
297
2262
887
1391
2832
869
621
2058
2870
1774
3174
1584
1313
674
2839
2925
2335
1475
1266
136
2097
1557
710
2816
2416
2016
422
2227
2477
2284
2042
1202
1160
278
2978
3219
2350
146
140
1957
75
1890
725
218
2643
2709
1756
1879
625
3103
946
2623
2406
792
1807
1576
361
2908
2813
974
994
2689
443
126
1177
1636
3027
1324
1435
769
329
2508
2927
1711
4
283
1291
889
1846
2092
1720
606
1294
170
460
451
774
1168
3207
2042
2439
954
1847
1582
2316
1506
2126
2861
173
2296
1846
3233
3062
1364
2790
2549
1815
441
1207
2207
2350
1352
2960
287
2869
892
1505
364
463
717
1166
49
917
559
519
1926
279
359
1022
1946
3018
965
2692
268
3052
2882
27
2971
177
665
2661
2632
3223
416
2406
565
1568
755
406
1056
466
2355
2150
243
983
1125
539
1853
2360
2333
2427
1877
1898
1590
3082
2604
2662
182
1420
510
2404
949
3221
2306
2640
2511
2098
388
1845
233
2278
371
1173
1493
767
2652
1718
338
1740
2957
2469
2191
2793
130
2212
2360
1498
3042
491
6
3276
3379
71
3312
614
764
1045
685
2749
459
1740
1077
2209
3250
732
1656
198
3417
1913
2941
465
1639
2471
1728
1508
2922
2800
1734
1569
158
2550
2778
174
953
2907
235
1147
1764
1991
3171
2657
3250
815
267
494
2438
666
2056
1611
3204
2640
531
2812
2503
2773
2714
1284
1417
369
72
720
1994
3086
3128
932
170
1652
567
570
916
236
856
101
1119
626
3259
304
22
1002
2786
24
869
1058
3198
215
3427
2077
102
3226
3139
1355
435
3017
1014
1591
880
2920
185
1731
1780
3292
3289
3256
3094
2009
367
1602
3020
3272
810
3175
1627
208
1020
2750
8
1463
626
361
328
2352
1784
2429
86
2141
1122
1077
3489
529
3302
1976
1827
1184
804
1950
3049
426
1855
2497
696
1737
1743
1075
3033
1062
1825
2629
1946
3072
625
439
1419
1529
2470
899
2031
1441
1880
983
714
3246
2541
3402
268
3095
1180
2290
1919
1613
584
350
2575
1435
520
3310
3032
1539
3446
2060
1978
2851
1961
2605
1789
3367
1195
1569
1115
1448
1059
1249
2008
15
3481
1606
1382
3379
3058
493
2019
3250
3449
1621
1567
152
462
3452
144
866
2980
1800
3301
2924
882
846
692
3250
3271
2810
3282
2339
875
1136
198
2150
890
433
1654
2745
749
2208
638
2345
2264
1768
1387
2419
2276
1472
1201
694
1856
446
2449
455
2636
1592
1622
1495
1073
2007
454
815
2579
2865
1289
2787
3279
3455
2227
753
1704
1894
86
2887
1214
483
183
1276
2882
447
1129
2432
541
180
1588
2040
2781
342
1627
1049
3237
940
357
2383
814
1602
1223
2504
751
3025
1031
2355
659
2277
9
3013
1980
2659
2607
3631
2662
238
3292
1540
3282
96
3590
2199
698
121
583
2110
883
54
3621
321
1440
657
3497
3509
3400
1453
3031
3091
1735
2818
1876
2355
3152
547
1136
2192
3279
3544
784
2884
3377
1485
910
2355
1554
2756
2967
1301
910
3059
1845
1442
3479
1280
2577
2839
2614
3266
2065
1624
3598
3510
2262
14
507
1112
166
3419
641
2354
2815
519
498
3752
892
532
400
3170
650
3476
1600
897
460
2544
1780
3698
1112
3028
1996
2196
1207
3045
1874
666
3665
321
1287
1404
1586
2449
2198
1342
2404
2437
3119
1420
1631
2680
9
3567
640
503
2203
200
624
1624
3286
2961
1055
3744
1831
1749
515
662
3185
1324
758
949
3644
2387
96
813
295
2623
2835
3629
453
3780
407
556
3064
2107
3150
1880
3710
3548
2676
240
212
26
2859
607
1858
18
2006
2074
2647
3784
1534
2135
662
2944
425
3063
1461
3379
1838
231
1935
1087
3860
231
1004
999
3548
3277
2152
1306
847
2629
720
2039
2679
1445
3296
2839
2094
2438
1913
1529
2197
1349
773
351
2134
2461
3863
1715
1228
2938
3226
2563
3806
1870
3484
1978
3211
698
3726
1848
975
1370
3027
902
3117
2340
3087
2674
2335
3471
3622
3900
1765
392
3035
2185
3533
631
1162
42
2775
3119
122
2364
715
266
3574
2473
3732
2241
842
2300
995
3817
1617
2631
890
1122
3438
288
184
1461
320
2173
602
1254
3518
566
262
3066
2474
2175
2586
2585
2526
3225
2885
3907
424
583
709
1274
1396
1294
3064
3118
912
2533
2197
3549
2622
929
643
3026
3157
2411
3562
1160
2387
3568
1510
2721
614
3847
2134
63
1765
2607
1413
115
2178
3962
1919
611
2834
307
1051
3232
194
2803
1372
3348
569
1965
2132
1210
429
1773
942
1210
574
2263
1776
3347
1375
2647
2384
2619
1531
2781
3082
1350
180
3184
2508
2105
1962
3815
106
3120
1714
527
2873
1382
431
502
549
2515
1321
1029
2287
163
957
2356
2149
2053
1175
3443
103
2849
133
688
3647
289
606
1055
