1029
2
1
4
4
1
1
2
1
2
6
6
1
12
14
15
9
10
10
1
16
9
19
22
18
7
4
10
20
18
10
4
26
28
34
9
8
21
17
27
19
36
30
34
13
46
9
7
4
50
21
26
12
4
17
39
31
40
26
40
20
8
50
53
17
42
36
32
34
50
65
27
30
22
60
68
56
50
11
15
68
82
9
21
71
45
21
21
38
38
65
66
6
82
82
27
95
97
52
97
1
13
10
80
87
72
84
84
8
97
84
95
61
103
84
111
67
47
20
97
25
77
87
105
70
81
44
46
70
39
40
70
120
14
51
70
10
31
1
20
42
48
99
31
21
131
21
28
147
135
146
121
45
97
146
88
143
134
114
21
40
30
57
160
141
35
5
2
106
28
81
77
39
27
158
167
161
71
142
90
170
42
124
64
27
158
12
142
21
132
136
11
19
37
162
168
64
55
91
94
62
89
32
191
81
136
90
32
24
42
37
159
201
31
200
86
107
117
193
117
114
36
102
119
192
180
163
77
25
45
118
184
176
179
24
63
177
99
193
62
41
226
38
97
142
125
153
6
80
26
132
163
103
118
253
27
83
166
165
223
47
53
130
49
184
152
3
237
102
74
136
220
24
121
254
127
249
170
102
167
71
187
267
37
126
234
126
129
48
14
96
222
89
277
38
55
101
114
194
182
57
186
168
153
19
152
21
304
136
78
254
283
78
165
266
117
120
283
125
306
42
241
158
213
241
121
43
204
175
125
194
201
207
135
197
157
202
15
327
257
277
67
316
99
52
16
116
322
176
145
234
137
237
284
322
118
49
83
154
155
157
285
211
245
87
284
7
43
191
27
307
103
210
332
338
147
239
39
70
221
50
198
17
333
368
243
320
12
138
39
329
227
111
25
264
78
93
208
229
287
354
268
288
197
63
330
101
197
310
122
323
229
79
244
321
70
21
27
36
51
123
422
27
392
103
233
398
365
299
276
47
75
74
234
297
180
58
13
13
56
434
316
35
327
140
288
405
205
41
95
163
166
156
446
14
113
87
79
128
41
38
5
58
328
459
367
102
450
175
58
107
440
212
120
295
170
395
201
290
92
47
97
436
461
445
336
257
292
387
91
96
318
128
114
39
237
10
319
190
412
401
483
172
422
419
454
229
281
424
173
344
440
214
316
503
420
477
95
15
310
144
222
91
199
242
129
231
164
52
523
363
82
490
201
83
521
487
462
177
313
502
49
525
535
24
44
196
148
343
397
530
394
206
277
138
469
196
139
433
164
148
166
205
77
248
8
546
330
101
230
18
516
351
285
196
318
193
236
84
391
573
499
47
165
465
154
25
333
161
279
162
118
482
46
243
52
187
297
296
130
405
442
308
251
409
508
437
80
93
144
35
576
558
426
136
358
286
78
70
263
348
380
492
38
568
68
60
565
113
367
494
378
316
567
90
612
170
585
190
389
551
322
185
483
13
314
543
452
277
155
121
370
454
281
207
46
391
509
637
339
66
599
18
126
437
323
177
34
400
634
25
50
590
428
145
83
546
283
297
538
165
200
456
332
146
544
467
506
10
85
483
201
225
111
271
45
531
429
20
608
59
537
506
312
224
321
536
505
256
645
136
124
133
608
293
421
129
4
290
172
222
667
464
353
108
630
126
253
471
448
134
392
563
457
141
673
715
674
277
60
254
9
110
442
576
238
524
747
298
148
706
11
92
666
531
629
446
474
662
121
532
695
540
144
460
123
443
34
127
279
297
626
761
320
593
400
249
274
452
656
65
301
744
89
262
180
33
411
11
323
297
692
44
241
88
283
26
585
578
461
679
576
190
235
481
60
696
694
351
544
332
348
671
800
645
663
716
337
257
63
689
691
387
191
658
570
522
498
589
37
271
208
157
403
58
252
379
113
164
791
781
414
463
125
63
50
774
651
122
399
206
293
104
19
33
418
840
496
210
524
635
26
651
30
660
150
251
644
797
405
423
729
772
812
841
763
680
836
652
820
351
631
408
101
634
647
293
341
294
812
733
285
321
6
28
70
652
316
661
861
254
505
421
442
145
844
105
271
374
902
735
109
821
189
765
398
697
894
707
585
396
559
907
262
242
41
104
654
553
788
553
244
804
204
60
459
202
256
564
435
409
250
660
617
533
124
593
328
172
871
283
442
400
179
408
912
787
601
625
97
176
609
222
384
74
748
940
509
573
578
345
453
398
745
474
662
681
62
432
95
201
611
968
978
521
428
449
720
636
191
275
754
92
406
783
267
970
471
767
597
178
464
686
959
761
417
751
495
491
565
146
497
286
456
373
794
611
878
202
319
430
407
831
675
424
749
334
550
947
