4695
2
2
4
4
3
7
8
4
7
2
12
4
1
1
5
9
11
4
12
13
7
11
4
23
11
23
27
24
26
18
19
4
29
14
1
11
20
13
10
4
35
30
35
36
17
22
28
1
23
26
5
25
47
43
54
22
41
55
6
6
57
37
55
10
21
53
56
5
67
45
59
46
37
75
22
44
12
23
13
45
62
39
81
59
10
15
5
13
56
33
92
49
15
73
55
34
63
72
41
92
97
70
102
82
42
6
65
55
46
8
25
42
111
17
4
92
16
83
82
57
86
31
93
104
77
41
101
67
9
68
119
87
84
103
112
8
2
14
28
75
40
11
21
93
116
123
56
98
106
81
114
148
49
1
67
122
30
117
38
8
34
94
64
58
121
33
38
148
118
87
70
59
74
174
111
61
44
144
50
38
80
56
3
147
109
126
84
66
78
88
175
172
136
14
93
56
28
193
193
155
3
193
48
34
79
118
179
207
64
71
112
68
161
205
38
137
130
71
2
142
59
214
155
20
160
88
24
15
190
229
102
106
181
95
208
47
32
184
50
237
135
5
238
175
2
229
236
143
178
218
57
158
67
90
102
220
239
144
107
104
249
29
60
73
26
147
74
93
5
247
196
159
87
208
159
252
104
11
61
155
190
146
138
260
161
2
184
38
90
249
200
184
174
166
295
200
213
144
294
180
169
274
301
143
13
121
149
288
132
99
236
204
250
246
118
284
227
241
273
193
50
211
44
282
220
197
17
81
108
277
66
46
286
238
74
23
43
200
182
4
287
71
294
21
258
42
331
319
105
120
135
174
228
337
268
242
46
207
218
79
331
20
243
272
193
272
70
94
101
153
337
196
111
354
303
185
211
232
57
118
311
281
119
118
281
91
72
232
316
147
86
212
70
308
179
165
153
346
276
205
131
342
273
211
258
362
266
209
216
323
239
79
223
392
78
386
262
408
143
259
262
318
165
416
269
3
155
197
240
20
318
115
325
234
82
436
263
266
152
307
119
365
68
427
436
134
428
358
288
263
11
214
173
442
30
132
417
131
54
240
162
246
55
463
405
253
268
249
352
282
165
53
154
288
62
207
245
170
471
249
331
407
343
432
329
306
155
389
282
427
359
217
336
269
14
68
235
122
234
209
171
55
204
40
475
18
123
274
397
111
65
511
87
436
155
77
276
131
11
472
291
500
68
108
240
87
241
284
525
303
297
351
218
424
186
485
403
151
360
217
34
24
441
157
223
163
136
30
462
35
339
396
45
43
506
243
283
17
354
152
203
185
31
537
187
235
47
181
163
224
293
350
87
520
41
104
334
36
549
556
337
321
167
137
28
279
391
236
218
144
218
123
37
249
292
458
369
121
394
23
184
552
228
459
21
360
605
457
228
83
116
276
238
116
298
401
227
399
308
299
270
538
322
586
576
97
58
21
385
161
327
160
550
191
31
84
557
21
370
430
108
565
242
159
339
82
458
216
252
584
256
86
148
383
85
286
66
550
29
585
343
96
295
532
320
629
171
123
104
484
214
372
352
331
538
232
546
665
557
678
325
325
632
236
480
583
276
452
661
347
668
565
214
431
479
291
207
639
630
134
412
302
71
191
129
439
668
40
88
231
670
331
450
493
686
1
180
62
530
99
48
464
549
672
593
174
695
51
490
291
684
146
513
639
727
388
57
456
730
45
450
715
345
339
582
105
94
447
548
557
656
581
269
363
736
404
557
71
188
709
717
315
586
433
86
181
586
357
542
734
177
54
40
432
17
137
136
382
84
587
530
713
312
347
233
681
499
80
702
643
381
792
143
240
203
120
367
273
95
534
579
673
781
574
332
509
230
324
29
170
373
488
86
788
366
171
40
305
624
397
517
802
671
67
731
386
690
781
353
234
142
802
716
132
488
101
651
720
794
633
292
722
502
97
749
35
408
411
737
278
120
309
763
225
424
778
41
443
436
823
36
531
273
23
27
266
47
398
659
428
619
276
680
738
327
828
586
807
438
762
768
114
70
663
882
776
523
738
860
505
108
807
393
573
557
321
115
144
696
47
570
215
16
189
413
665
645
151
134
184
384
603
288
514
13
475
738
157
399
163
220
696
328
681
739
512
377
326
514
52
138
351
150
35
531
773
131
827
150
495
634
345
783
627
707
615
189
805
670
457
552
632
108
163
825
452
782
478
187
470
329
722
764
188
35
804
351
252
631
25
591
695
320
671
381
715
826
46
528
62
312
778
432
3
271
352
808
447
369
108
568
581
799
71
680
36
57
164
36
232
437
386
313
549
630
694
77
579
78
695
742
86
515
896
234
367
939
459
427
304
582
1009
825
261
527
835
516
755
781
302
472
964
448
734
118
184
440
369
623
988
273
81
601
818
547
2
256
817
528
883
217
881
514
764
288
775
831
920
1048
101
794
223
864
1006
740
423
93
739
773
837
758
383
526
510
427
1025
45
368
76
887
312
3
548
190
637
625
985
753
520
645
1073
127
72
1044
237
163
182
146
532
905
617
44
622
124
183
431
634
392
84
1011
1014
168
149
536
1024
709
55
1063
907
714
927
1092
600
16
966
745
136
198
86
231
911
466
915
263
708
928
321
1103
317
1054
1107
27
492
627
1002
381
978
872
266
546
31
956
830
833
24
1129
310
1066
479
59
2
704
704
797
623
1132
734
999
1055
1124
323
280
655
547
656
80
799
330
35
1106
646
953
654
239
373
1066
192
649
1177
1044
622
832
739
174
501
423
1143
721
823
886
1011
543
1028
867
207
264
1090
1161
1089
778
1107
138
824
189
894
165
114
63
619
388
691
727
797
510
1160
797
420
979
353
239
816
842
377
938
58
341
127
572
1163
980
1095
655
341
303
1109
1182
136
613
213
968
814
28
541
888
985
998
1113
1165
1238
223
413
1097
754
99
458
1107
1139
421
1217
665
43
249
318
445
394
330
363
1244
742
667
1278
4
630
697
26
887
1206
798
480
106
1197
778
352
429
416
1100
768
118
1264
959
440
844
83
449
785
290
407
241
1273
121
730
124
390
197
453
1060
743
815
1250
239
390
442
109
1063
860
775
840
1086
559
780
1311
797
737
6
621
1164
580
66
1321
736
556
1236
1316
296
783
365
1301
1036
972
1200
666
409
293
498
659
242
1185
769
1337
1161
808
364
989
292
1175
199
390
878
688
419
1310
1175
290
339
341
160
97
15
64
136
791
115
665
1331
1324
1254
1153
309
705
539
393
922
107
195
764
686
794
946
1150
491
218
531
530
1235
211
1142
493
1073
1018
61
887
226
894
1040
372
600
1296
1075
973
383
495
1149
1226
129
739
364
59
996
1152
218
445
347
1013
1152
1213
1168
1181
908
1415
891
115
877
601
1058
85
659
234
1143
735
1215
1378
1241
401
670
620
644
194
20
1352
373
232
1047
441
705
701
1075
574
1064
352
1136
505
435
408
672
491
1465
195
512
516
1200
1425
1215
1178
509
28
1152
108
1168
148
235
1081
969
1166
1340
111
711
781
4
339
1343
986
154
1140
1361
1235
734
894
778
278
608
1018
1103
1431
153
584
1399
1483
439
281
681
1404
1382
29
168
938
161
42
325
655
514
783
635
1213
383
774
1063
673
459
866
1142
57
292
1131
289
318
1453
1464
1097
149
765
1167
278
512
491
28
1263
1127
444
656
550
1503
513
471
1057
1287
72
1366
1267
1448
1386
1097
113
1118
387
86
1317
256
1427
1205
1338
89
1206
188
410
269
91
164
77
1025
666
254
176
1190
1214
1261
469
1139
473
1359
1499
60
667
901
613
991
1372
659
1375
1210
1574
658
571
779
29
444
321
413
299
1298
49
712
1606
1184
864
1281
519
1256
598
132
667
796
128
1327
519
613
754
1422
1553
542
1013
33
662
344
980
902
1490
1198
896
424
358
58
1249
1060
1280
9
272
1098
670
727
395
687
1183
338
53
2
384
437
1466
745
227
735
1456
954
1594
680
338
637
1416
1628
890
458
463
992
71
437
72
1351
648
932
1238
1023
906
33
403
681
1651
645
1246
699
785
993
1261
633
167
1353
935
310
1462
413
1133
888
836
1478
52
233
654
149
841
907
1216
687
405
878
630
200
1206
1056
337
1199
506
696
22
1047
1629
1111
921
139
970
1294
1163
541
1211
786
1175
674
1421
669
629
1611
195
1605
310
1118
286
1091
556
468
637
270
217
586
198
1285
1461
314
1540
1197
1540
1396
397
696
768
1547
988
999
236
772
1676
848
1502
1229
879
1126
422
592
1688
892
1519
1579
908
956
1211
776
1341
321
802
179
1471
1779
377
153
1275
1089
205
348
1513
1298
286
200
1374
585
553
272
981
1289
834
414
1177
513
296
1353
1468
1370
1637
1062
1400
1328
467
1215
583
888
1089
626
1457
1710
1776
832
1580
434
1626
1120
1336
323
75
1813
489
1752
387
340
339
1362
1481
1625
574
1048
102
513
1831
474
678
1459
1085
1407
1434
60
507
384
1086
809
66
1011
1817
1014
1437
1638
969
1519
1606
1601
245
1157
778
1774
51
1757
1156
1673
1210
354
981
804
1137
1290
1734
591
131
393
1432
969
567
376
705
579
1303
1419
1529
380
88
1112
378
524
1190
576
60
27
1351
394
569
748
518
1189
1684
442
566
240
49
680
1714
1539
276
854
1465
862
156
1039
1358
1044
1654
1836
616
1670
1321
271
397
817
655
173
1290
378
1475
1192
1540
1071
495
384
164
311
1297
1660
1288
1608
1060
11
1229
276
147
566
1538
261
1448
982
1653
1030
1871
841
1024
1455
1499
16
953
1487
424
342
1118
1294
1823
1631
394
1238
1879
1415
1771
1951
1862
882
478
155
614
1124
924
706
1817
98
1377
581
856
1517
429
902
415
567
1864
601
1647
830
815
1372
1773
1060
1807
309
1285
809
489
1508
1355
1781
553
234
1824
1575
999
1273
1097
18
1394
389
638
229
1969
581
803
347
179
778
1148
730
1347
1491
1182
24
786
932
1778
565
1035
1114
1397
1557
981
1608
566
1407
284
628
503
1361
1448
162
2017
688
382
836
1326
1336
1187
84
501
1770
358
1391
79
1221
3
1551
55
1993
1531
1022
1054
1261
1561
2048
381
1188
1445
1480
602
913
1092
1298
58
672
1651
145
1020
355
1435
653
967
1937
1228
1109
1529
1778
1060
87
1735
1527
669
2117
776
349
680
641
1053
985
808
258
38
813
1694
1305
462
1932
1374
1721
1479
529
1637
1193
230
2076
316
860
814
1968
402
1503
907
6
1970
859
134
190
1589
1469
1305
887
1778
798
252
1278
1663
465
579
1944
904
1749
906
1381
1226
1049
841
60
495
1477
969
1282
717
1357
1983
1246
1619
1213
179
1078
277
551
735
908
545
1253
607
1905
806
2192
278
1447
158
325
471
820
666
404
1181
1449
1543
463
1836
1724
1431
2121
842
2200
1864
1041
591
302
2099
393
622
496
1510
958
1917
543
820
1403
1098
440
1885
619
2097
159
963
913
1341
1022
965
1264
1646
1851
1516
1941
838
2040
1616
91
727
5
1564
1190
9
1929
1320
1326
194
1309
1473
324
1989
940
1010
2087
1423
1337
417
412
58
271
2127
487
1955
1358
1290
977
517
2041
69
124
417
1440
1119
410
337
2076
619
2097
1869
389
222
81
216
1372
2207
1952
1993
1199
367
459
2051
1547
561
1555
97
868
1774
1235
1689
1047
1576
1440
1033
1131
563
1175
2123
1374
2230
1226
1907
148
749
1735
1244
510
228
1372
865
2296
764
1228
255
1894
1249
1326
251
1631
839
2257
2245
2142
330
1544
1715
1712
427
115
1415
416
871
1604
2030
292
1913
1547
1726
1569
1930
569
1873
593
52
485
112
1448
2149
613
1658
652
1834
321
944
1090
634
2061
726
341
1914
2381
1673
1058
65
1632
379
2295
65
1207
937
1172
549
2283
1726
640
2206
1898
1930
827
1425
191
88
2243
2179
1579
203
2122
1335
364
250
795
984
1016
911
1833
1627
1163
851
1185
1819
1850
1475
935
1051
240
2367
2061
720
875
455
1421
1043
1742
2022
46
1472
1146
2047
975
2309
811
820
2293
366
1584
838
2098
655
600
170
1597
1231
474
525
165
1034
2446
1490
28
902
2350
2153
2382
2084
2126
1165
728
1732
657
750
1758
766
1680
1584
1984
697
1800
1523
1057
2041
1081
883
254
1617
1654
796
395
273
884
1113
1027
698
686
763
261
2001
580
2281
1599
1720
169
2313
1098
560
840
811
263
156
1998
980
1711
2121
680
2355
337
1033
403
456
2083
863
686
2160
771
1796
943
355
2526
22
1632
1248
980
2285
1401
1072
1078
1138
1071
1116
1349
54
472
2141
758
458
1661
2155
1245
2297
1016
600
801
2015
101
152
1960
394
1486
72
1922
2053
1775
2044
1540
1467
488
2334
689
2260
826
1878
1396
770
2489
1961
1555
2552
2525
1759
699
740
2199
1517
999
507
445
866
1731
2002
2243
872
432
1690
1712
1606
356
1410
801
1262
1205
2445
946
1504
1647
1543
405
1220
656
547
104
665
187
2525
1972
2420
2218
943
2442
1040
890
1154
1298
903
2511
2342
650
1584
892
2025
2271
2474
1585
2393
160
1062
2426
2243
1930
545
190
1550
1257
986
1988
2572
1765
1538
1977
2174
1870
951
2208
1539
280
688
2572
74
766
1466
1167
2093
865
1100
2182
722
536
2384
2125
2440
1365
2626
1844
2479
1833
2410
384
2393
2023
1275
1920
553
729
2523
822
2239
888
2356
58
1982
2535
381
1807
2085
1702
1819
1365
99
455
2588
1691
1660
2103
2233
2252
2556
210
1938
1742
1778
59
533
1953
1364
2239
535
1153
145
2535
435
1044
2029
341
186
1090
898
1481
108
609
1871
1389
376
1462
529
1447
1303
1704
317
1873
1494
1129
2130
290
2584
891
521
888
225
204
1940
963
645
2268
199
960
2107
1958
154
52
724
1005
1855
353
2646
1159
1998
353
1406
1063
1286
1697
1385
1668
849
1049
177
2573
2497
1925
2728
1648
106
645
704
1128
1357
1026
1972
405
1644
305
1070
545
1419
924
392
2585
295
822
143
932
2233
12
2210
1484
1575
56
1268
1270
2709
2201
1922
2441
127
432
1882
690
185
1429
2107
2458
1052
1512
454
643
2625
1350
2035
1281
2085
2389
1675
2215
2789
775
989
1019
932
1846
2761
1026
2643
283
1583
1806
1822
1631
2159
857
217
1501
1227
2047
85
1260
421
1931
725
1441
1805
1087
1488
2306
1148
2499
1966
2265
290
2794
11
2462
636
371
1873
1186
1077
2064
2004
138
93
534
2485
1693
1369
468
1882
2682
1352
329
843
1006
1892
1380
677
154
2384
1340
104
2320
2263
2129
531
590
2250
303
1013
793
1136
2873
1916
1699
251
2261
2548
335
337
781
2848
2024
2653
461
382
1378
1069
628
2199
2788
1310
548
1371
1298
2064
2259
434
1593
1671
2766
2630
2554
1798
1456
1000
436
437
1116
2296
1127
2368
41
55
2022
2821
667
2579
2533
463
805
1213
2542
1988
1409
2882
67
1164
2467
77
1946
1696
1929
2048
2085
2023
1072
1439
1073
2510
2844
1664
1329
2456
2499
1463
1318
941
1927
1527
1386
2021
1306
1954
2232
1356
118
1301
839
971
64
2159
2450
1358
325
818
1126
493
2070
541
547
85
2842
1436
2678
705
1899
1073
1844
608
1144
2223
2990
1022
202
2429
2394
2160
1902
61
2070
2100
2470
990
2868
1475
2195
2667
1912
605
2685
705
2351
2916
71
1821
2010
1952
1313
1441
2330
755
2478
1336
1253
306
480
2032
2862
798
446
1663
685
2652
1455
2222
1650
652
257
1132
1293
944
1864
1208
224
660
2692
971
1903
2068
1818
1828
1863
1091
1108
2733
705
2974
2402
422
2910
1144
823
1283
2588
2391
465
2070
2013
3070
977
1318
2981
56
508
795
489
1408
2631
1436
700
2886
839
2500
1561
1684
1977
1268
704
143
912
631
2505
603
1020
1881
2852
1078
2550
2564
860
1237
2836
2510
1608
2306
1509
1271
1586
1579
1384
845
1853
1623
3065
1559
1780
2216
1871
713
990
2826
1689
331
1008
2235
1575
2411
176
1879
2675
2510
2880
2950
3091
970
2693
871
1614
33
294
2727
3066
1170
2935
2216
1361
124
128
1897
2780
2892
1707
1400
1354
2872
544
2584
1829
704
2033
2796
67
1965
777
1872
928
974
2026
996
524
563
2475
892
315
1734
2429
430
947
2340
2178
590
719
2327
2185
2044
3005
1162
2827
535
2570
2990
1439
1766
999
2616
1785
147
1019
3173
1668
2367
1472
1575
2843
450
217
198
340
679
1234
1975
2668
2150
2369
2273
536
2878
2433
3106
1939
584
2151
673
718
3008
3056
928
206
2728
1297
2833
41
1109
2028
2292
3010
650
985
2782
1109
1157
543
2145
130
2265
1047
2157
1992
1821
2814
2211
1148
49
1872
2857
3137
187
1298
2612
2796
2330
2252
35
2078
2422
2322
810
827
2859
2540
317
192
458
2521
1840
2389
1790
332
2936
67
129
201
3294
2655
589
540
358
2646
2441
350
868
628
1922
2792
2146
607
588
1549
1970
2012
2066
1720
2194
1209
2121
376
2878
750
3062
1552
1503
396
1327
1258
1616
1241
707
812
3039
1949
322
344
365
225
233
2498
1249
724
3263
2319
1811
1915
539
2206
2124
1344
1427
710
2821
845
2841
1719
2818
2469
2892
1564
2439
1041
1557
3330
1389
1561
111
2449
405
2865
483
3280
1774
1628
786
2617
2400
1104
1135
3225
1236
1176
1069
2096
2481
266
247
1181
623
602
1993
3135
788
1447
345
1663
542
1472
157
1574
1692
1496
821
1466
686
2219
1668
2352
2407
1119
1460
3274
2655
1046
2356
3025
2604
919
2359
3316
2716
163
1211
3240
2040
885
2453
1793
1615
2129
236
3089
154
946
2094
113
3069
1773
599
1495
670
2907
1921
1009
3077
361
2633
2980
648
693
524
32
1445
3255
1417
670
673
2758
1457
1345
2124
953
2025
99
2293
1211
3162
1823
793
2179
2392
2023
171
2379
461
3033
1480
1914
2599
2713
581
1584
1714
1435
2391
314
147
2402
3295
3096
1652
813
2271
79
3075
3242
3443
611
2388
1526
695
2853
1363
1886
219
1034
974
3416
185
2336
1531
894
282
2935
2022
525
58
1504
555
874
177
1071
1161
330
1058
2716
2815
1738
745
2518
2328
1884
282
448
1300
3303
47
2940
1462
2884
531
2052
2529
1483
1321
2080
2690
597
1005
3363
2447
3564
569
1704
3272
3479
2313
3553
818
2994
2182
1432
1464
3505
324
2822
1983
1664
2697
1962
3193
1548
3379
3023
531
1650
952
1140
3397
394
1556
142
2242
755
1497
1723
1964
2171
2056
3575
2550
2005
1508
886
1494
464
933
432
2405
1935
3369
3128
2695
2570
3484
300
300
2760
3430
2573
1810
2494
2643
889
2141
802
571
2979
890
1177
224
2075
1797
1448
2743
94
1670
176
1795
2802
2946
3450
1973
2238
717
2300
1619
2182
2513
1609
1678
72
2015
2854
1389
2542
1080
186
410
541
1749
3414
2649
1837
1965
3336
2191
1798
2332
420
2003
1154
1995
1810
3381
387
2692
20
81
3391
595
312
2735
2624
2243
2315
719
2668
2560
3006
1677
807
3113
1224
1593
1028
1146
2658
2339
2520
21
2190
3325
1323
3138
1347
3009
1923
3534
1662
2156
1874
2551
2814
2074
1961
3481
455
2808
1209
2777
3618
2199
180
279
1511
2532
3153
1536
1204
3301
3629
121
1395
931
2110
1293
1315
1668
3493
71
2641
286
1625
3264
2917
2210
1420
3545
1559
2534
666
3089
1637
2780
2638
3306
1731
2907
2283
3501
2854
2265
2947
2308
1448
2699
1007
2227
3760
1708
789
1486
263
2778
738
977
316
2130
1613
91
2542
2649
3410
3494
3114
851
3406
309
985
1158
272
1801
2936
2114
716
1862
2996
3213
3287
250
1439
2111
369
1581
2613
3395
1896
2496
1902
3705
43
2660
2977
1352
2149
2718
3116
1297
1377
1519
337
3422
3130
1357
3806
65
3761
1223
1475
1247
904
1969
1422
3423
1058
2765
3093
2659
1517
3523
2711
1950
591
2813
3723
755
3353
565
423
1466
66
730
1815
2686
531
3296
421
2044
3540
834
2316
2281
2553
12
3019
1811
1635
3126
1388
701
3034
3562
391
3794
3687
1536
2983
3360
3347
3789
3866
163
992
872
1964
3302
1763
3781
2290
2053
507
876
2334
1038
2181
3207
3102
3024
1314
2314
1860
3022
569
2706
3505
2136
1490
552
2655
3670
3322
2352
2610
2611
3583
2966
2646
1490
759
30
3098
2272
1512
1421
2089
3364
507
2633
1888
2156
3028
1472
2188
3501
3062
3903
3026
2240
3208
1686
850
1582
132
1414
3161
860
190
3431
3515
200
3187
1659
974
376
2336
3339
2876
3061
3097
1748
1613
820
416
1206
1185
2463
2631
2850
1925
3325
3756
317
1916
3620
1465
681
2808
1014
2057
3748
1297
1462
1037
216
1874
118
333
2290
1709
1073
2912
3355
2006
352
3072
26
2344
3111
795
2947
347
3182
983
3125
1197
3020
3260
1078
2968
3282
3963
3959
3543
3907
3388
2205
529
3429
273
1790
1136
3474
2886
2566
2125
3577
2238
2668
684
2117
2299
2737
2596
16
3952
829
2068
3673
401
3877
2672
2230
2505
869
1950
1854
448
3654
1363
1148
225
3384
513
2950
2946
3092
1236
1260
4052
3719
557
432
799
3909
1818
1197
505
549
1869
1378
2801
2201
493
3755
525
3267
111
405
3267
2894
2836
3434
3951
2140
3221
2208
1784
3801
1
1969
1223
2403
3385
2696
3567
1310
2818
577
1298
2227
3172
2957
368
672
1118
2865
87
2400
1357
3014
2239
442
460
505
2339
1865
2908
66
1676
3787
1444
400
1741
100
3077
1939
1873
707
2622
3120
1931
56
1458
3470
1549
538
3313
2317
1851
3376
2668
883
3684
3571
905
4104
2787
3327
2385
1191
3452
86
3261
2093
1725
1436
786
2459
2136
1509
3840
966
1579
2813
166
1468
949
3690
1855
2463
494
1025
1304
2625
2937
2354
350
2109
2096
2608
13
1814
1854
2199
3564
179
2067
130
2177
1508
1405
1671
604
1349
2728
3315
4169
2323
73
612
438
4130
4068
348
2209
3547
661
4083
1410
3133
3867
3497
3786
3455
2671
1456
2620
4169
1978
117
1484
516
3127
3638
732
2980
3479
3299
2895
2265
784
2879
2748
3246
3948
3731
1617
891
1953
3899
2981
2504
2221
2771
2067
2436
2780
304
3364
2020
3388
2138
4106
3798
4011
1885
1449
827
3471
3557
2996
3058
3116
888
1335
3492
138
1406
2560
1130
284
603
1244
183
2762
1901
2532
516
4201
1564
1068
2080
3732
1445
2209
4117
1396
2330
2549
74
1389
690
1495
3690
2290
3705
1595
3342
1415
784
1498
1905
2963
587
43
3034
199
1688
1653
2300
3204
3433
2679
2285
666
2141
501
380
1566
2725
256
2421
2741
1301
649
3101
388
3861
3045
499
2220
2355
1947
3967
369
1334
452
942
3451
337
2311
2590
3016
3934
3044
3694
3159
3750
1203
3351
901
264
3211
2971
2181
2883
3547
2108
24
3427
203
986
1813
679
2900
2612
3641
1907
295
2922
2997
1869
3916
763
2689
992
2593
2234
1739
4341
306
2796
4362
3600
760
4207
3892
779
3483
3093
1743
3305
3087
1763
276
457
1601
3521
1041
3360
2629
546
3669
1664
3987
1056
2181
2867
3808
3558
590
2240
1032
2685
548
2367
443
778
268
1726
954
318
168
3591
1666
681
2988
72
861
3337
4332
1729
3549
4317
3198
2231
4240
2227
4211
1257
2776
13
825
3457
4232
3610
886
3451
1828
3404
3637
1656
2395
2662
1362
207
2590
3600
3784
1931
758
4078
4077
4226
436
2671
1357
2083
61
2454
3599
3137
3962
4256
1421
2965
410
2918
1360
3921
183
3426
2747
2251
1577
3251
72
2894
560
2757
641
1151
4142
4253
375
1419
60
935
1567
2933
1540
3354
926
2255
673
361
3062
2238
3358
3742
2045
3704
4217
3706
2381
3001
4134
4040
2450
2145
827
1285
3179
2887
432
2027
2139
3270
2610
3216
1835
1125
2525
857
214
799
1029
1023
1132
968
3501
4312
4544
3502
1281
1073
1318
4091
2830
3903
3458
3478
2997
1668
2433
483
4009
1402
480
1977
1208
2036
728
4235
1786
4526
517
3021
2500
218
2892
1465
3837
1251
700
2819
627
2710
2883
1673
2380
1591
358
3465
2649
794
1608
1042
4492
4084
829
2829
4058
1417
2263
635
157
4372
567
2244
3279
2006
46
4196
2726
4089
6
4054
1410
14
2559
3659
3696
971
1212
2660
1903
626
3451
3660
4279
1803
469
116
1091
104
3857
2505
3093
4454
580
2055
1545
1522
712
2076
2092
1747
2528
3228
1636
2700
2519
4066
2628
1106
3384
1664
906
4323
2037
3471
3258
2611
3754
2447
3424
4251
541
3227
669
3176
3348
1051
4550
4564
2174
3280
2768
712
1328
1689
3361
2757
3470
4675
1973
3569
506
3954
390
1717
1829
1155
650
69
4501
4602
3039
323
981
1000
