4787
2
1
2
3
4
1
8
7
5
1
3
8
11
9
10
6
7
3
19
21
20
4
23
18
8
16
24
11
24
10
10
10
7
13
7
33
37
30
4
23
34
32
10
22
32
5
4
46
26
14
52
9
37
36
16
44
44
31
46
18
40
15
17
24
27
65
44
29
52
27
41
60
55
44
18
1
35
7
77
50
17
32
15
32
63
8
43
44
55
40
71
47
45
89
46
3
74
51
20
57
15
75
97
62
17
88
78
36
70
95
99
105
87
72
18
19
64
2
90
61
90
30
120
94
11
16
32
47
115
109
5
127
30
112
15
37
10
15
19
67
101
104
132
88
58
95
18
129
131
52
50
58
12
104
72
23
126
37
91
117
115
127
86
153
83
102
159
36
114
155
112
94
112
150
163
108
8
172
156
123
21
135
49
73
50
137
108
188
56
74
162
127
101
46
158
121
187
43
139
164
155
203
152
38
105
4
26
92
164
48
113
167
209
181
115
181
165
141
42
88
96
88
90
48
18
152
128
162
40
171
111
180
222
173
35
180
10
142
23
57
38
224
165
86
66
121
105
39
238
116
33
36
156
218
51
117
91
23
204
177
197
120
74
227
181
230
184
4
37
1
244
197
1
103
18
29
59
232
210
270
19
137
154
117
130
35
188
205
46
208
113
188
56
261
121
40
200
150
296
102
34
245
9
145
196
52
189
202
226
129
143
255
44
203
3
200
186
125
213
123
208
142
285
151
164
24
296
209
10
133
154
164
82
169
29
216
58
6
11
238
65
151
100
338
239
2
102
345
281
351
1
46
71
210
133
33
307
10
320
307
57
257
201
240
14
39
69
307
240
155
354
194
279
145
76
272
37
1
1
283
75
362
258
343
153
171
56
335
98
59
199
254
180
51
384
207
155
323
353
362
352
334
373
366
353
369
29
247
25
62
329
296
150
95
361
123
246
362
29
404
144
239
97
379
293
246
420
74
203
219
31
329
208
367
415
160
102
290
212
390
229
151
304
264
75
351
419
237
353
78
69
177
445
142
183
158
69
5
267
35
65
280
286
235
269
23
11
462
147
460
268
76
337
452
110
3
157
388
259
399
249
157
371
48
31
26
313
75
319
323
76
62
394
110
322
440
141
75
25
473
211
239
115
23
260
311
196
485
295
46
461
468
434
292
411
232
177
298
255
414
108
380
74
163
306
205
307
270
133
440
248
111
158
152
479
368
290
299
196
519
117
475
208
76
279
480
442
273
418
109
190
162
451
249
402
239
117
546
24
30
223
149
156
193
56
287
529
222
431
505
280
432
404
210
184
472
242
227
413
98
535
536
474
315
10
23
313
171
510
172
350
12
460
122
3
323
514
161
559
445
379
288
548
466
527
278
602
325
520
63
457
219
202
201
609
574
138
395
365
280
136
515
359
282
417
542
408
192
359
477
42
526
606
340
533
442
356
407
6
328
259
290
122
356
302
290
513
403
432
628
445
124
559
350
472
342
506
567
457
177
562
180
11
591
433
642
407
609
181
397
537
80
207
618
596
637
150
570
53
637
49
460
104
471
544
89
359
454
590
215
375
121
79
104
570
452
41
632
248
666
630
314
83
446
37
16
532
65
553
711
677
42
272
441
462
241
31
539
313
373
515
538
710
415
182
630
677
540
615
455
589
366
6
476
42
170
389
291
246
56
310
671
248
348
99
379
512
158
102
480
167
89
212
614
493
747
588
245
228
607
474
198
350
199
200
269
617
511
688
439
138
667
482
617
515
320
174
37
509
341
752
249
96
336
41
321
343
486
737
659
648
733
305
709
619
589
221
363
108
255
669
54
621
175
458
179
551
122
629
100
634
400
246
631
799
760
740
715
355
477
651
545
417
433
421
519
432
670
428
158
410
79
573
789
759
399
224
94
164
166
696
607
291
659
132
123
309
660
153
91
226
654
446
254
491
474
270
732
255
760
74
490
549
690
399
691
549
639
202
729
411
105
856
379
328
846
362
212
522
707
815
628
754
708
107
811
444
885
765
306
240
840
842
376
144
870
116
272
264
329
665
3
477
249
83
386
901
564
221
351
700
744
482
23
452
86
435
354
523
488
517
791
108
792
497
912
299
194
277
794
748
130
247
694
485
509
920
653
232
832
508
905
483
316
151
638
700
797
247
650
161
453
806
861
77
548
616
806
587
303
448
426
466
919
269
292
161
289
943
302
734
330
219
546
846
293
597
973
408
498
249
92
358
284
674
271
893
271
686
714
816
461
362
621
198
99
578
957
297
888
940
366
444
903
149
980
677
536
128
912
139
47
801
590
823
487
164
613
310
474
285
719
701
12
9
386
974
631
1021
658
613
289
233
341
674
1028
894
81
546
736
551
416
587
563
219
1003
1022
339
885
813
189
846
493
458
345
685
597
895
856
258
915
371
1057
819
281
333
358
752
579
882
562
429
380
439
1071
323
656
489
1056
895
1057
591
634
509
546
1070
706
957
638
705
645
199
349
182
303
690
1082
434
314
371
70
297
276
800
646
635
586
530
662
793
856
138
145
1098
1029
635
62
1119
214
506
985
202
8
125
442
1111
509
632
284
862
699
1090
1003
59
288
982
901
865
664
241
1023
853
1023
635
44
340
637
838
867
864
242
261
248
305
218
141
230
787
885
124
1122
350
431
92
1064
527
972
836
693
880
567
130
774
299
727
805
1049
876
138
659
1044
639
960
358
220
1186
970
471
1173
472
686
917
858
568
1063
1010
343
938
1089
695
352
130
358
768
194
1024
1009
1052
961
180
993
1001
746
1143
10
784
754
1143
1185
169
282
1172
314
262
319
928
1174
913
698
116
305
1042
331
355
256
182
184
719
1217
964
680
993
292
1192
878
1067
710
655
30
1023
1045
1071
615
68
1148
89
609
1177
436
795
1242
654
968
1078
787
513
837
1058
1066
564
701
588
958
797
333
240
1124
402
114
1270
124
636
807
863
422
280
144
857
130
980
960
636
101
1291
486
1150
886
1189
526
75
329
608
255
99
1098
1056
47
1043
1005
631
934
519
133
583
543
518
475
1064
772
811
104
324
989
1007
861
819
45
202
46
322
800
965
993
288
708
130
637
25
1031
83
16
635
889
1345
828
58
971
291
895
659
1141
588
201
724
603
1210
474
717
351
514
1008
750
138
400
951
1123
732
256
1018
348
1274
1372
182
633
780
560
494
1157
1257
781
579
1079
1268
873
184
453
510
106
940
699
871
158
802
1338
561
757
771
132
45
1139
605
1140
680
1236
1147
271
755
106
477
281
4
859
247
1123
1175
262
232
815
1127
13
683
1260
508
135
781
503
1346
1370
1353
1164
149
484
192
1032
1225
43
1091
728
1159
414
666
32
436
411
1189
89
192
1197
909
494
169
429
872
485
364
150
415
362
1109
756
347
548
328
713
86
1119
512
942
1028
1020
1253
1407
820
1017
1217
683
1002
63
228
1049
585
548
1180
534
1188
1253
613
695
653
725
573
723
1294
1095
1146
1414
349
111
1439
1383
1063
485
1151
1198
1018
832
641
378
832
288
72
1393
1413
1515
20
11
947
1093
971
965
1241
427
683
27
1387
661
1364
264
1343
1239
319
1198
920
798
1395
1480
384
1285
538
728
706
1106
371
47
993
355
1133
1154
1019
657
726
742
898
624
344
557
13
572
1267
672
329
524
385
782
1298
231
696
64
1170
1477
103
687
1528
1216
1491
374
1550
864
917
179
1402
43
1349
772
544
519
705
766
577
377
132
566
381
1020
718
1212
175
402
843
47
1500
1032
548
1227
795
297
705
572
186
1051
455
736
906
801
701
1437
1277
1014
1568
114
1213
165
345
288
1523
1149
68
406
1108
16
649
267
1520
530
357
745
1173
602
789
474
629
1068
1582
1590
495
553
1574
1038
492
1562
1588
1229
774
373
566
11
815
1376
964
484
1630
927
1146
1193
1434
905
1101
1397
1544
1348
1636
1635
670
748
1103
1564
316
1046
1245
1247
1215
469
534
92
970
71
1417
320
705
1686
586
363
636
856
1146
1519
1319
326
32
217
1665
426
965
1333
1298
1618
312
1162
1498
418
82
216
1406
744
1170
1158
1291
183
126
261
1398
182
1579
867
1478
296
41
408
1290
1108
341
338
1498
660
1078
382
842
456
1441
1368
886
1573
703
767
188
322
1182
528
1113
398
1130
579
575
1203
710
606
1398
529
580
635
1562
595
556
851
889
1361
682
1176
28
519
1038
1154
432
570
1017
150
16
1668
1496
81
1182
1069
94
669
122
1710
124
159
1417
1404
40
1381
747
590
580
730
1497
753
1018
786
461
657
1542
123
555
581
1452
494
664
645
779
957
279
1486
253
920
1274
1584
287
1397
335
1742
735
643
585
1437
1690
945
1284
1814
1234
649
1699
1691
561
88
1450
799
788
923
739
1815
1212
518
927
3
366
1127
466
559
869
652
790
1730
1797
605
85
608
611
879
986
527
874
814
1262
417
704
515
333
277
799
164
1661
777
912
506
751
808
674
36
929
1398
1450
408
382
1609
679
1083
467
576
1645
150
829
874
1043
433
1233
1180
656
1467
1183
1163
104
1092
328
950
1685
1478
1550
1367
1186
850
1838
1837
362
1088
1754
1835
1020
1791
1524
1390
1535
1378
1691
862
1029
870
1022
281
1026
1429
317
1843
894
706
1232
1620
103
467
924
1782
1023
1518
384
1429
1764
1445
1712
1494
899
1807
143
385
1659
898
1293
218
1559
1814
35
363
1184
498
727
1842
1216
1693
559
1726
294
1881
1362
240
1813
586
1930
1079
974
53
1254
1008
1475
1839
407
1915
1249
1463
182
831
454
319
1247
1159
1167
978
1626
1504
1
611
1983
603
1400
1710
116
475
899
423
1692
202
640
1611
249
1781
1817
1553
546
1716
1026
1145
940
1585
714
1610
323
127
1505
89
948
287
1814
1584
133
305
1578
308
1641
340
606
323
1079
81
358
119
568
1460
1720
746
525
1412
473
1233
1353
1012
699
1857
1634
1307
910
54
1620
325
1957
1308
786
1682
62
2037
544
728
1769
731
701
757
435
1952
632
1080
362
1042
123
1363
650
1937
1175
1199
75
67
732
1411
887
1697
1164
1710
959
1734
517
201
410
1714
1169
233
1569
248
21
452
625
995
1487
1565
1489
536
1873
728
412
1046
1005
898
594
1915
1207
1387
793
1338
851
1778
1798
811
997
445
978
1026
2134
1882
882
1864
964
189
1807
1986
1305
1319
581
472
1822
1438
595
1571
1979
1923
1520
2131
1319
2153
1482
1926
1843
627
1815
239
1156
873
131
249
2062
282
2130
2026
2034
538
2036
106
1193
453
1134
1876
1384
161
1346
2138
447
1015
951
822
1674
457
618
1595
1344
1385
1111
1124
2031
815
1632
1278
652
388
1525
99
1732
1766
2059
1556
451
1285
1234
1423
873
463
985
349
1831
1418
195
1651
322
250
102
1557
1912
1737
794
125
2175
1923
746
1816
947
453
671
1248
2221
1363
169
1481
1493
1192
1379
971
1662
1211
1957
571
2203
1430
750
1478
481
1862
1610
1650
1805
635
1440
2225
1094
2192
877
262
800
1048
757
844
236
1731
1378
687
1630
1315
599
1122
1580
245
968
1104
593
211
1378
694
839
340
2063
1804
1704
2178
1948
182
1207
2096
2213
1423
1143
784
828
1446
2015
42
143
850
375
198
272
450
507
998
409
1122
1175
955
1313
707
574
1537
229
1626
1983
352
209
1363
284
2291
1227
1826
969
816
669
1458
1813
1255
2251
1730
1083
2106
39
898
1088
1301
591
1223
1097
678
2002
254
374
1360
1941
2061
1170
887
912
2344
1687
1495
1962
42
1023
355
516
1982
285
201
433
946
1747
2184
317
797
847
178
1049
33
798
590
916
438
1056
783
94
369
2236
1743
1252
652
1629
55
1021
1745
2365
617
1804
461
2248
688
900
1515
2188
1430
35
73
1895
1007
471
1338
479
2055
1910
2170
1428
1183
1770
375
856
1031
1269
121
1963
330
945
2398
1285
191
2326
939
1444
1919
806
2104
167
1751
694
277
1315
254
1049
766
131
473
369
1828
698
2205
2321
700
1333
184
1816
626
707
932
1614
2449
327
478
1448
1975
1299
16
2194
364
670
786
351
2350
928
2426
292
1438
15
427
1725
1909
1430
1975
2059
1299
2359
542
824
308
532
1993
450
1445
1062
1050
1323
53
1054
599
167
2329
506
1546
1332
1888
1863
253
1946
1458
2432
365
2214
603
1549
2009
71
1320
2147
767
711
1353
860
1452
2509
721
716
1208
934
2088
2334
1887
13
1845
1809
2286
641
1782
1575
859
276
35
230
649
688
524
116
2340
2238
1142
2123
1447
873
2362
1908
720
1594
799
981
1918
2191
2281
388
764
16
2495
1330
70
1404
2213
2552
787
1613
607
2030
2488
1422
160
1774
2056
1353
1671
1226
403
1320
2217
1016
1494
1991
2372
1715
529
182
2062
2034
2081
2205
476
1930
2090
920
585
1064
2590
1170
2426
2259
1524
2146
2266
552
1016
1094
391
999
1042
110
2223
1943
795
1733
1008
2239
2596
911
727
2226
2093
477
133
1505
2250
730
2241
153
1200
537
1790
1441
838
1271
1325
2026
1982
1474
429
2449
573
1222
2428
2388
2085
196
1221
1348
2294
218
632
2558
2409
2452
1066
339
406
363
1814
62
2354
2029
1117
757
934
1491
1746
1120
1923
1356
860
1008
1056
2009
1222
404
83
153
2461
1139
1196
468
1278
1227
2107
75
182
479
581
184
1868
2174
907
1981
2526
1915
2007
287
1425
1168
476
2312
2432
265
597
714
2384
998
948
1241
2616
808
1095
2506
100
567
1331
2440
1769
1216
2001
435
197
1063
1516
1005
2334
915
1849
2476
1037
1251
1608
470
276
2049
477
172
781
743
905
672
795
2241
431
2425
1342
2317
2734
885
604
544
1010
703
2368
2589
498
580
190
733
1118
1062
749
2313
170
2763
1850
1129
864
1040
1057
2327
717
1152
2254
1233
1519
742
1548
2541
996
761
625
196
1722
2166
1874
1850
1343
1356
274
1507
2014
2695
626
109
743
777
2093
2372
2791
1110
1118
1831
2207
854
2500
822
1353
2119
586
1075
1789
1785
329
2586
1474
1009
2786
2202
1116
2548
2521
2050
2125
2741
1475
700
558
2020
2115
2693
2133
1687
1240
2182
2626
1655
734
213
1295
2283
2088
2536
226
1823
2658
2219
40
735
2776
987
1121
337
2451
2209
1238
1086
917
206
2547
2540
2437
1873
955
438
103
1150
204
601
2517
137
2852
2564
1170
2291
841
956
1137
1564
2500
787
1684
1073
1517
1434
2634
280
993
983
902
1678
504
1018
361
506
361
99
689
2079
733
2445
1876
182
242
459
887
164
1246
2508
2794
1382
912
2168
1466
504
684
2229
427
2025
688
2454
2772
284
2822
1682
2661
816
1688
434
981
956
1803
1719
1569
2767
1205
2519
1094
2203
188
1741
2336
2875
2673
425
1187
2636
1534
789
737
172
1675
2099
954
91
1684
2048
1558
1174
1186
1355
64
1396
2176
2878
2233
2138
864
2628
2493
57
1829
2210
941
2281
2700
1122
1979
1448
2599
518
1962
41
438
2809
2058
1168
2924
239
778
2440
210
2004
1336
1184
2027
7
216
859
2762
150
2274
2010
2207
1966
539
2467
2309
1570
2570
2563
2907
1161
2563
19
1539
2631
2823
1794
565
2521
1894
1656
2682
1855
1767
2672
2370
1774
2192
993
376
269
2778
663
1199
2456
2155
2092
498
2226
313
10
2379
1422
872
62
1992
1826
1436
104
2961
2986
2865
2677
1260
2338
2103
81
1619
354
332
1628
1001
2760
2609
2835
2404
687
590
2161
1827
1258
530
2168
2959
2503
1602
536
2221
821
2242
1564
651
370
3044
864
850
1382
1315
180
1265
809
73
276
1839
3046
507
2514
2561
1385
2303
532
2454
1687
1852
1916
2063
451
2814
2544
2788
2134
285
2624
2524
1238
336
868
3038
775
1672
3007
656
452
942
2849
2476
2939
372
2827
186
2120
819
1840
2567
594
1683
2394
256
749
1773
2488
849
721
2815
2710
1343
25
2713
307
838
381
1528
2446
2560
672
498
63
133
2177
274
309
1084
1806
2437
2795
705
268
816
472
252
1449
1685
1232
1026
2096
1949
964
1465
2099
2645
976
428
148
1151
959
2923
573
3019
2776
199
3190
1188
2904
1679
2002
366
564
101
1823
2579
1300
3188
927
106
408
2993
2552
2600
2410
588
1860
111
2817
2119
2835
1006
435
3080
1216
2693
3220
527
2839
138
1575
3101
616
1210
1264
301
1643
2291
1352
2860
1928
2339
1835
2860
405
1603
2442
110
2733
84
2862
661
431
306
3073
2137
2968
1240
3247
437
3125
641
1279
953
1356
816
3211
465
1460
1494
1130
3137
3214
2003
871
1997
2070
196
964
409
1336
150
88
213
2371
23
1318
2246
2894
1547
1183
373
92
1909
2319
1873
287
239
2778
1284
1431
1175
469
2688
2727
2313
2751
1132
942
951
445
2281
2618
1810
1229
2860
1917
2851
680
3026
2992
678
1250
940
2266
3197
3062
2480
308
1431
106
2381
1666
1664
1602
2864
1274
3073
384
2933
3152
2929
3154
2985
1764
2776
2185
351
1932
2367
1040
2284
2332
1876
2261
476
1729
1593
2918
2927
154
3165
3348
1542
2629
3116
1832
793
1099
3206
1941
75
1351
1062
2898
2774
356
3060
568
2871
739
2616
3139
3270
585
297
336
748
2905
1024
502
1876
2179
599
3135
2321
2178
2657
3168
1613
3329
497
1654
1773
2756
1024
2396
2120
1254
1827
3077
2424
1721
106
2816
2390
2542
2954
3276
3295
571
2041
2629
1939
3134
3246
3014
2963
1792
1292
2441
2087
2318
1989
1470
1290
901
3369
3431
1449
1498
1218
2286
1441
592
1043
3336
3334
877
2649
3091
3028
2432
2557
2951
618
876
1313
2540
1243
2814
3410
2971
2995
1946
2750
3282
3202
1895
2700
1498
2843
745
1682
773
1414
3179
2740
3034
1715
2093
978
755
2043
406
3045
2433
307
2417
2715
254
2178
1237
269
3227
2796
1320
1160
6
3056
3089
2648
2416
503
2584
683
2990
2361
3144
1133
256
1285
223
1585
2779
91
2095
2807
2912
3378
1435
2830
628
1435
3306
2459
139
793
1560
2642
580
2599
2915
1160
3054
1062
1901
2071
3304
1759
601
2414
1978
524
241
3085
1098
1913
1676
2423
2096
1742
237
3263
1970
2087
2810
2031
3037
1394
575
2927
528
2909
3398
585
125
149
161
249
1794
1461
3193
2761
906
254
1758
3005
47
3181
2024
3321
997
2526
490
1694
546
907
1972
3198
2014
2759
273
1980
2346
1733
987
280
419
161
3178
2089
90
3561
2599
2497
438
360
2767
3448
1040
2585
982
2995
1456
2344
1773
383
1887
983
1463
815
2842
1137
2602
656
1624
2765
1898
244
23
2122
1651
2984
1706
391
663
3550
2626
1132
580
1916
560
445
2259
756
1220
3082
2382
2934
1793
2736
1871
2822
114
2068
3518
2983
1380
828
601
1554
768
1943
2898
3514
1988
306
2479
569
180
1207
396
1643
2448
1899
1466
2674
747
1780
470
244
3224
1277
816
2566
3068
2863
436
1680
198
2442
1702
1867
3063
2448
2851
3362
1240
1852
2669
1820
3079
1699
2134
3344
1166
1410
2811
2950
652
3477
2961
1373
1492
234
3256
2240
115
1312
2896
1330
2797
1856
68
3340
427
506
2655
2835
1586
716
2116
1263
1973
2213
1176
693
940
2495
2500
440
579
2242
1277
1041
3445
175
229
1210
3106
3594
3004
822
1826
1001
300
2962
2749
2930
2433
3179
121
2335
1834
2845
3327
2423
338
2494
1541
2511
3243
212
3551
3599
159
3075
726
3148
952
1774
2484
2294
3356
424
663
375
2069
503
3271
563
2451
3143
1954
171
1143
3743
2737
2722
3408
3138
3297
2535
3002
660
789
12
1262
3768
658
799
1047
2421
13
1178
2996
3112
3298
1019
905
3592
3279
822
752
2941
181
3099
1199
3706
3374
3214
1253
389
2852
1832
3294
2050
1754
183
2873
2082
3404
3160
3236
1127
1542
1128
2648
2702
152
3040
2468
2341
2394
2295
2402
1585
2098
387
1567
1438
3326
3356
3104
2907
1891
2741
3623
2030
2650
2783
3706
306
3568
1205
3701
3321
2595
2599
377
2155
3875
2831
2889
3832
3483
1575
1110
3375
1079
982
3850
995
2460
3415
2561
1282
2391
2984
1434
811
1267
1560
3580
3236
278
3006
1302
2720
3710
2522
785
2174
2625
2694
1904
1859
1877
361
3028
3616
814
2831
2475
1719
693
651
2714
2882
639
2888
1807
50
2629
3180
209
1711
2170
2567
108
2005
1128
57
959
859
3309
2681
2895
2431
3643
74
2105
1002
3092
2735
3367
2954
1547
2598
716
1315
1351
89
3334
798
3861
2195
2761
1684
3023
713
2542
2969
1716
2083
2231
1566
2726
2779
3740
1417
3006
2598
3785
3963
2108
3055
1336
3391
3904
1505
2439
3272
3207
283
343
3852
972
2386
1907
3677
2111
3508
2044
884
2387
1767
2252
1218
3456
1875
2061
2164
1429
2415
517
2720
2653
1521
1821
1876
1419
2725
1952
1829
3732
3494
2775
2217
2034
479
668
1527
451
3154
2576
3370
2219
1510
1353
1441
640
3942
3815
1655
1713
1194
719
1388
1430
3935
2285
3124
614
1038
3813
108
2811
3710
3647
3721
3385
1875
2170
3237
693
1356
136
1707
699
2109
2056
3414
3101
2090
4053
3926
907
2855
5
2559
1436
1205
202
2171
3474
3530
2727
2834
3962
3972
2823
2724
3624
3967
2323
1606
2275
3601
613
133
2752
3485
2878
2016
213
1694
1552
773
4087
1995
1491
2115
308
776
1357
3338
3889
3003
1038
1
3846
4097
563
3613
958
2833
3902
743
1162
2618
2598
2681
1619
1058
3097
474
2247
3398
2760
1300
3038
3943
1135
3373
3833
1523
4020
3592
3719
926
1435
2392
104
1775
3555
3883
328
1419
2284
3290
2092
2066
2256
3563
4131
3146
3207
875
2205
1889
873
3783
743
556
770
1196
1377
1506
3674
411
417
598
3711
189
77
3131
493
2889
767
2344
958
3893
1350
3830
609
2451
568
1380
557
3830
1474
490
369
3383
219
2164
3775
1072
3497
726
1019
3829
774
1520
3536
2596
907
870
4004
3086
885
1892
1802
3570
309
2692
3669
610
802
863
201
492
2932
2252
3581
35
3805
109
2822
3507
466
4056
1341
118
2491
98
827
4135
2513
1582
3697
3915
3948
193
515
1
3206
3431
1417
37
3906
541
4166
2567
483
1273
2044
1425
555
4216
4172
4002
2876
184
1755
2416
3296
2520
4032
2364
4071
907
2619
3593
3914
3064
1019
3177
2789
1688
2455
902
2462
1974
3067
1250
2573
3444
3809
2689
531
1831
1850
468
3427
689
1998
3327
2723
3816
3448
2107
2673
2374
300
1311
1442
2000
1749
729
3752
824
3348
2665
1219
3300
3736
1113
2056
401
1609
3514
2421
2746
3830
2607
284
2443
32
665
3801
2316
3957
1165
226
1938
510
3312
2487
1142
1916
3904
26
3814
2457
4191
1978
1637
3490
775
3341
1055
541
2049
4329
1664
3665
78
2440
3950
3104
1098
3114
289
1587
2207
2076
986
3181
653
1467
1159
2660
3778
4195
1315
1058
4096
317
3669
1363
3291
2335
2568
2448
478
1761
2188
3188
218
572
77
2894
816
785
333
769
2880
2997
650
3388
4235
3936
2311
3965
640
438
4044
2042
2948
526
3862
3751
1402
2991
574
2263
2003
2625
2466
263
1412
1444
2454
563
2891
2705
1994
3992
1585
259
3676
3606
2518
78
2734
1765
3888
1918
2128
2959
3081
4256
781
1875
3122
26
1868
1996
1944
3759
707
895
1173
3557
2663
3544
4097
807
1789
484
1919
1080
721
2428
3093
3524
2450
808
756
1496
786
1746
3378
2491
4480
3030
3672
3043
1878
4478
1864
397
3192
1569
2822
2596
1597
456
581
4221
1928
302
2140
2822
3055
20
4439
282
1208
3886
836
2946
1563
3756
3125
4298
2967
314
1491
188
3725
4479
1213
1266
862
3249
3214
963
2433
1306
910
2806
2587
3548
2809
2970
1480
4487
3580
3262
2390
4061
167
236
2753
2156
4079
3162
657
285
1830
1058
2171
2416
1272
1744
4446
2519
3487
314
2955
3028
1139
345
3672
1646
1706
3498
3263
1568
3683
41
1872
3807
4390
1466
1171
2068
3238
1950
350
3795
2324
3605
3359
1940
3941
2658
2049
1270
1445
2697
3120
3167
429
1911
734
2770
3198
3404
1491
4549
3459
4553
3913
1031
1160
2520
3402
2100
3101
394
3904
3226
2250
4253
3779
2670
4463
2256
994
4525
215
4027
434
3576
4562
310
374
2348
3764
3314
2325
4094
2088
3686
3926
3161
2796
4561
2892
4515
1036
3930
618
3335
409
1144
1835
4517
4508
2933
3078
2007
55
2377
236
872
3401
50
4013
3102
4343
2132
1727
1231
454
1211
3841
467
3080
3982
4007
3195
1358
4622
4290
1427
1747
2974
1286
3585
2181
4073
2134
1840
3682
1213
2885
1984
3634
4339
1084
3913
3727
2624
703
4667
989
2288
2388
544
4089
956
1359
1981
4342
934
1050
4393
2285
2280
4322
1434
740
3127
467
4536
1223
4418
3161
4164
4227
2861
4475
440
4083
4631
1294
4665
3444
2462
1711
2308
4709
1432
1241
1019
1269
2535
1666
3037
2821
3545
1009
4594
4708
4140
3461
3422
2798
1368
1416
316
3866
646
198
2455
2459
3551
1841
1324
1970
1240
2429
3616
4152
2881
1329
580
2943
3492
1987
3982
3886
3083
1581
3331
3464
654
614
156
496
1033
1476
3945
3474
3114
4054
