4727
2
3
4
2
1
7
3
3
9
5
3
6
7
6
8
12
9
16
8
19
8
19
24
20
1
23
14
11
2
6
6
29
17
35
26
13
31
37
37
15
19
10
15
9
4
7
38
47
14
21
22
14
4
45
11
20
49
20
49
20
61
2
6
46
1
29
60
45
12
71
39
70
69
39
40
77
65
75
17
73
9
53
61
12
31
26
79
82
40
52
41
39
63
4
81
29
32
95
10
7
54
92
7
61
79
57
38
18
22
78
85
9
52
17
101
73
83
110
90
113
26
81
51
2
54
71
63
54
125
13
13
42
43
33
115
18
63
59
35
93
2
69
100
128
77
11
89
107
66
116
4
40
1
40
59
29
23
16
113
99
3
38
72
32
99
162
44
147
115
67
115
112
35
79
31
174
2
9
18
27
129
6
76
172
98
160
163
161
106
176
62
138
88
174
106
185
70
91
30
151
120
19
21
40
167
189
187
117
51
170
4
186
107
72
89
49
117
186
81
81
166
5
221
114
186
41
100
154
3
107
75
33
172
122
224
204
35
162
150
132
76
121
76
186
103
175
93
82
69
6
182
105
16
38
29
175
258
114
10
35
192
141
61
220
128
120
265
220
154
57
50
138
229
228
24
34
222
102
135
227
265
69
128
231
221
23
87
151
245
275
158
197
11
257
8
135
216
33
220
301
80
204
240
223
201
85
76
111
161
91
185
25
46
109
257
5
180
240
110
250
4
115
208
66
11
160
115
280
330
306
146
200
170
291
4
189
87
266
117
312
112
110
150
52
95
185
218
320
70
172
22
107
157
280
280
205
3
168
290
283
45
51
250
287
65
191
278
240
237
110
82
211
319
315
337
6
264
137
60
362
305
236
360
170
222
297
74
32
279
61
75
263
213
148
230
118
14
36
156
382
68
247
253
5
69
130
329
65
334
385
337
55
84
407
341
305
50
350
97
303
57
396
323
282
332
242
332
293
142
177
291
93
276
380
356
404
89
400
320
132
19
41
110
279
155
420
447
95
337
419
278
413
21
236
299
331
106
321
298
177
218
176
74
190
47
1
149
129
51
455
248
304
193
175
460
121
61
214
211
350
453
385
392
226
466
24
208
341
8
27
108
342
344
70
288
246
193
75
246
263
122
192
181
479
105
448
463
429
2
204
434
150
424
378
133
379
474
110
346
65
336
194
176
423
176
492
37
221
84
313
28
283
141
226
57
282
431
70
466
539
180
194
157
9
247
432
284
544
121
192
402
100
201
18
196
145
295
262
120
106
330
204
64
174
303
474
222
205
533
357
32
495
255
174
300
208
541
145
151
432
353
264
26
8
301
507
86
164
290
477
438
519
70
569
574
524
98
72
378
547
476
256
126
203
271
426
525
382
543
218
240
194
429
295
3
74
551
502
605
574
258
255
421
557
545
30
574
201
591
8
495
430
118
256
5
549
516
332
196
99
8
221
232
155
502
587
547
592
500
22
130
290
640
137
443
136
149
634
3
561
361
440
437
595
522
293
648
564
10
580
154
328
629
215
485
47
607
23
85
530
626
456
571
355
459
12
244
425
152
161
62
344
530
213
310
612
470
83
267
213
576
347
230
160
352
55
594
507
226
241
594
512
418
377
44
46
306
159
668
340
249
209
166
588
115
117
502
631
139
1
136
534
229
259
239
304
618
347
387
71
443
268
305
619
638
481
165
88
141
323
259
336
749
138
544
624
638
541
449
204
630
677
635
536
608
361
247
736
11
560
380
103
470
202
571
76
358
279
753
388
46
352
202
266
120
611
276
469
3
391
364
242
224
489
253
682
28
567
47
179
127
296
436
163
254
105
145
699
219
390
636
667
723
658
185
245
552
439
577
462
622
785
93
706
82
265
113
220
396
596
598
709
797
739
473
740
63
611
387
185
157
520
222
831
448
338
816
526
54
163
241
564
808
264
77
484
536
431
566
359
584
824
592
103
535
216
613
326
566
566
396
838
410
270
541
227
748
3
44
628
658
745
71
60
601
865
592
48
845
448
210
696
399
197
599
381
145
396
15
749
363
487
301
615
686
580
394
199
24
109
24
438
666
770
99
194
129
794
812
106
827
758
370
892
244
596
600
195
659
765
912
855
66
108
438
114
724
780
767
886
562
426
45
281
407
735
437
870
264
349
861
465
18
942
355
265
102
229
109
684
830
835
338
460
12
317
118
888
366
204
272
373
970
115
425
108
800
383
562
357
362
622
812
837
387
620
657
506
588
710
188
255
905
820
798
59
177
408
271
846
888
970
507
881
601
122
152
962
876
361
854
741
342
295
448
722
190
679
97
358
298
846
261
973
968
780
731
291
616
714
702
920
789
601
398
92
173
432
231
927
698
901
993
869
961
147
721
825
1017
435
805
658
14
472
654
867
972
933
529
64
268
95
663
169
667
128
142
690
172
43
271
163
135
734
254
391
325
909
644
364
256
52
427
412
556
394
691
141
324
717
146
1005
692
956
120
274
425
871
363
454
711
473
803
221
551
250
906
296
395
887
362
302
760
478
166
88
70
812
458
47
864
694
231
912
489
15
246
960
457
47
533
307
1047
343
257
717
556
192
646
362
535
188
395
567
694
519
188
979
600
280
21
83
899
331
165
428
608
179
274
120
845
368
632
824
1047
961
209
516
333
29
264
546
614
526
900
835
483
448
489
820
559
1064
126
305
657
1075
142
1097
903
207
928
891
87
725
344
1082
703
559
660
625
641
250
1059
1145
423
104
552
189
547
490
532
980
157
366
551
805
639
520
1156
330
154
742
275
1189
33
443
1176
56
50
494
88
682
82
60
330
264
1084
1012
415
957
652
163
101
1139
787
707
1201
548
1144
855
1171
1239
365
1044
182
895
657
101
215
1182
93
340
679
1057
1034
55
823
79
779
224
752
698
25
924
506
1061
17
657
1274
17
704
56
173
855
648
1042
631
723
403
152
978
742
383
671
405
1295
1058
171
638
615
1047
559
1153
352
112
1176
1089
1000
298
771
276
252
185
606
806
1238
1102
333
1028
1179
851
561
540
341
707
1077
243
1301
825
169
858
541
180
607
423
1137
1177
586
1189
441
1081
562
1260
678
414
1003
1089
337
248
575
1058
52
273
122
1006
1323
785
193
1336
905
205
462
607
532
666
1112
92
456
819
957
97
191
1288
800
1129
851
478
450
840
12
801
924
376
698
802
595
837
881
509
1178
1353
100
811
1247
1218
429
1285
1065
750
909
698
503
505
1128
474
353
859
1072
919
325
488
336
868
976
194
462
683
765
200
1200
699
398
591
815
980
610
972
676
443
965
470
1068
743
1131
58
473
1283
265
849
986
1352
353
727
879
1296
1051
73
920
1399
147
7
1047
129
437
270
44
288
1390
835
970
920
442
1293
329
497
748
1142
361
88
1103
722
162
1006
1467
177
1041
336
1447
1056
444
64
1213
994
1126
909
609
809
675
1244
636
389
400
921
134
1167
871
1283
598
1342
351
637
1330
20
733
1506
969
790
323
760
365
233
413
1122
426
488
586
310
712
1430
1000
1314
1482
178
1450
1060
338
354
838
26
219
188
953
24
1444
177
480
1403
1050
499
419
1331
1183
313
14
61
152
773
1091
393
357
1362
1449
777
780
183
1298
1512
962
294
1389
1302
662
734
768
234
972
673
1156
1022
1316
1313
829
1426
1160
1088
547
746
891
1225
378
1112
512
1305
182
47
758
1310
810
313
485
284
289
853
1176
617
867
578
1173
802
799
83
1568
895
329
1301
982
1093
1418
795
232
1345
546
630
246
454
1155
60
1291
1533
504
555
994
388
1623
332
1322
1103
1109
1183
1274
750
515
702
595
170
183
556
146
103
631
968
866
1238
1337
1640
528
627
279
630
1343
461
1197
1331
706
1325
1358
847
1459
296
1244
694
449
361
552
1044
587
1162
1318
802
51
1137
1384
694
863
281
949
722
552
1618
573
1456
1021
1424
822
1462
25
561
936
385
1397
1548
382
1159
1445
845
347
166
547
1324
1367
1203
1035
1106
1320
240
319
575
894
109
156
624
1271
753
570
122
1393
1418
1578
1185
1253
729
1053
654
373
1345
308
654
1028
1686
1495
189
412
1387
772
1374
705
1170
793
890
19
1513
1604
1682
1687
956
1376
544
1018
1615
597
457
710
1674
401
305
164
871
615
1221
213
287
261
100
1717
1049
1674
86
283
877
240
262
126
649
1203
72
1124
1424
1398
617
1344
1342
1771
1084
289
996
1517
1267
516
1442
1130
1681
740
102
1084
189
660
1190
175
663
1473
1639
368
990
255
830
1800
1721
1159
1754
1292
1633
1623
699
1335
968
1064
1211
552
380
494
372
719
371
1127
653
268
1650
359
83
1669
861
807
1690
889
1829
1638
388
900
23
607
1263
836
1449
883
1418
556
1716
564
782
156
1153
1274
726
1396
312
1085
1754
1067
309
1860
762
1669
255
1357
156
1552
1089
1512
133
810
445
162
775
1274
733
298
1573
1414
792
199
1021
1773
1484
1602
916
503
1639
1127
1023
1112
396
1486
827
862
1680
257
460
1725
398
1238
708
869
546
1837
1244
790
1734
666
42
322
1773
466
1679
577
1715
828
678
1147
375
610
1339
1246
1015
1750
1736
1695
1394
1079
1157
1826
510
302
1659
840
1876
492
860
565
1395
626
709
1504
593
1130
1442
710
1250
1037
1691
475
1579
1721
198
22
942
231
500
66
1944
198
1886
1583
1638
481
1819
676
1805
678
1880
99
1442
283
1733
738
496
470
983
813
778
50
1013
1461
980
972
92
1443
557
1793
624
1512
1275
596
1225
562
681
99
1553
1790
967
369
1977
384
153
944
779
1981
552
673
276
922
1686
882
467
712
355
1578
749
1558
827
1296
884
570
821
1870
731
678
327
1592
1212
1540
497
1069
1303
720
1111
289
1013
1686
1166
407
1500
985
856
1567
229
945
1365
1505
788
492
1392
1398
868
1979
1799
1317
640
1682
1650
386
543
1977
1626
267
434
843
87
490
446
385
1874
585
1527
779
230
582
535
1713
1486
679
103
1772
806
1450
1993
1675
91
2017
715
376
1665
312
763
1552
1341
26
1108
165
411
916
464
1735
690
332
1331
478
371
1438
729
13
348
462
1199
1828
927
1996
1114
863
1242
1207
1501
895
2124
1791
229
1642
746
2062
2011
154
1108
2109
1967
277
1015
966
114
366
1266
1194
358
56
1783
1490
558
2013
1876
1665
707
1257
1920
1226
339
2079
345
438
551
355
1064
1350
1327
345
613
1134
460
1945
137
804
205
757
1866
1512
1232
167
890
876
2095
1016
1780
1739
2159
1073
1152
1630
877
1956
1424
102
1772
639
2097
225
1074
1951
290
620
469
1045
934
1317
1712
79
953
1984
918
1612
499
940
1179
601
633
2209
659
497
1695
984
244
1240
1071
1657
2162
1049
1824
426
97
250
472
1130
2195
1420
466
803
253
1211
858
1989
2005
1576
2161
986
1859
1107
2044
1573
1185
1740
82
1609
1155
2054
2040
949
723
1998
1945
794
1198
1230
1960
152
2115
759
86
1646
421
296
382
2044
1281
1079
582
1078
2111
1957
976
1517
2186
250
1940
1139
1743
1829
115
484
167
714
516
1375
643
2018
1891
424
1402
1500
958
185
634
1797
452
1433
18
2052
925
319
778
35
382
869
1247
1110
961
94
599
1636
2157
188
2041
2039
1280
826
1736
2124
1948
1986
849
2039
262
576
1605
2324
1267
313
494
1136
178
992
573
1534
1414
806
999
1580
2117
789
1909
483
531
627
278
1708
1931
998
70
1056
1578
1441
2176
2096
267
1181
1172
1941
534
1459
640
2342
1532
1583
1558
2193
1114
1377
15
1842
236
1269
1537
1659
440
767
485
1830
2314
2362
740
2202
980
1233
2039
2311
1595
1762
962
2198
1107
976
2182
2341
1616
1802
1807
1741
1852
1827
889
1963
1347
566
876
1367
643
792
1355
389
1263
1080
2125
1900
1883
39
2209
1312
329
623
571
296
1833
614
286
1745
1334
1617
1097
260
978
2273
551
184
2175
1996
1137
1158
1998
2099
775
28
1241
616
1249
309
1464
33
1481
48
1870
2225
1884
1688
2338
1199
739
1816
609
289
1855
2087
793
150
1011
151
537
856
23
1977
873
772
365
1949
415
266
2093
1428
544
588
1958
107
2083
1429
2069
1287
878
493
1929
317
820
2252
1653
1669
49
1904
1138
126
2464
1549
2183
521
1267
433
1715
153
671
1918
1582
791
2346
1358
2510
2473
458
999
1326
2484
707
1609
1045
1439
115
1981
1815
179
529
808
1690
485
2077
858
410
262
1991
724
1618
1359
1792
1132
1837
1937
1293
282
421
1368
1262
66
132
2062
2452
1946
127
1217
1309
989
1978
2239
655
1200
1297
1456
1827
578
813
2231
2487
1001
711
13
1993
1119
142
1207
1773
351
637
1894
22
43
108
1771
1859
1020
185
1643
767
220
172
358
1025
2039
477
1429
440
1931
713
1297
1493
1481
2100
1941
2351
2265
58
1834
821
2506
1580
2225
251
1691
1696
1268
1016
539
705
1213
1263
1351
2454
1364
92
1278
1885
1331
2440
1381
1576
1559
2232
2261
2472
1326
187
1313
513
2613
2083
728
2207
2201
1333
753
382
332
1826
1390
820
1774
566
437
2089
342
1209
2408
1281
2092
573
2110
1046
2142
2303
793
2008
2573
1203
1909
2051
1316
428
502
2631
172
283
749
1743
2312
1892
1666
2137
513
1354
764
551
2138
1274
591
1790
586
516
1846
2303
1963
750
223
1354
1247
834
2241
1582
1251
908
2625
2527
1649
1174
1915
874
445
633
1343
2437
1141
2265
1302
2193
460
2183
1269
2713
294
1620
1841
512
1031
2392
2325
559
1230
435
747
236
2333
966
481
2362
2306
1692
1507
2326
198
1720
2679
2549
1198
692
940
1999
2342
144
1763
2253
2156
214
222
2664
789
1575
1620
345
2399
2287
1322
2671
798
2650
929
1196
651
2186
2171
871
1425
1957
1575
2207
949
29
995
2492
440
2215
2379
815
599
1522
910
876
1272
1463
2730
2509
1460
2494
2011
905
1180
2008
803
2408
1175
1814
181
1566
134
1217
829
355
2623
2223
2518
1723
1979
1837
922
1429
53
1495
923
2537
1381
2778
2670
54
616
700
522
2346
1133
1141
216
1227
2610
1128
574
1964
1664
1420
2742
454
628
2081
2144
1839
1549
49
2695
2686
1456
2278
1860
2172
988
2333
1845
2145
1111
273
701
114
2829
515
563
1651
1860
1981
2293
417
2532
1546
1753
310
721
1701
1717
2136
123
2678
2004
334
441
1798
346
2230
1539
1054
2408
2226
1327
1695
2189
128
609
635
2631
2712
842
2769
191
1876
274
2210
152
1704
1653
1683
651
2000
2073
26
80
1575
1857
1138
1451
2471
1730
2588
1600
1397
2060
1485
2083
2857
707
941
1190
2843
1809
2589
1268
481
2584
253
2570
2688
2322
1768
1042
279
1088
2243
2077
1966
2384
184
1296
1279
2314
2317
632
938
1807
1053
1423
1793
787
1929
1909
2791
2739
2950
1262
2111
1478
892
374
1418
2607
1188
2135
920
2817
226
2082
1603
422
2227
2813
2833
1909
1826
2791
834
1978
1342
935
1961
1436
320
289
1572
1460
1065
835
1880
227
1377
111
1792
661
432
2085
371
736
369
826
440
2487
132
1344
625
2721
2040
2904
2495
2996
1099
11
345
19
2609
1890
960
647
2686
1167
1810
2404
1706
202
491
1595
747
377
1264
2165
593
1557
986
1022
2554
1022
57
1861
632
2001
2287
1139
374
1804
1561
2084
811
1249
885
1826
2352
1645
1034
32
550
709
2686
2922
610
1341
611
1588
2380
1936
1646
2799
506
2012
1886
518
2328
1010
289
1362
1432
1805
492
2429
1465
2123
272
1342
647
925
2124
2770
9
943
1803
1292
211
2791
598
84
490
1998
2403
2314
255
1711
2138
1900
803
2352
107
784
2164
756
1153
114
1885
1585
1390
2827
3095
1905
2331
2915
3060
2808
686
1869
976
509
2914
1744
885
1025
1034
1741
105
1712
2427
1444
1175
1366
1334
2051
2787
191
2939
3005
782
1279
1703
808
1390
2599
2019
2423
1720
641
1603
1630
2487
1336
1098
399
3063
2156
1443
1042
2710
662
975
1563
2440
700
435
94
833
1735
1842
2991
775
2897
2494
1276
931
3193
2265
1129
609
2945
323
2096
1060
476
1075
611
1968
2578
772
2899
2187
592
559
2850
1612
1765
2080
59
2818
1787
2966
2622
719
2147
2445
2149
2180
2035
359
1482
454
1468
2392
2793
708
915
526
1809
501
763
1038
132
2569
1329
947
875
983
490
1142
760
2619
2480
2084
8
1050
2211
1587
2148
175
2898
2797
1052
136
174
1434
1825
1588
1594
3105
1387
682
2613
669
1132
110
776
1105
785
1573
567
981
1753
2657
2382
1342
210
1501
512
1310
1064
2260
1562
3086
1007
1895
926
2647
1605
637
190
2014
507
1451
1353
1519
1830
2939
2344
2239
584
2645
1275
1950
1735
714
1087
3295
1108
2222
218
2813
669
3216
1686
1527
3246
461
2736
1938
1692
390
1419
2333
593
3241
3246
598
2181
1997
1428
737
2344
2390
1730
1197
3176
3028
2389
2524
267
3211
2467
1039
504
1169
2663
1774
513
1001
2294
246
2339
1358
534
1994
324
1454
2765
2806
242
2880
53
919
2776
2699
73
2944
2205
2712
1352
2046
498
87
797
77
1471
970
1800
1571
1030
1026
1678
59
1578
2168
3055
407
902
2847
3243
2490
3358
3166
804
2076
526
1174
2656
1423
1977
3132
2915
1562
2187
1443
859
3091
2835
549
1995
3162
732
3191
2965
88
2856
3005
104
2711
1217
587
2307
1171
1373
660
2494
270
211
2637
504
2522
2798
281
1364
3291
2410
3316
2593
282
1565
767
2381
3407
643
1513
1093
2941
699
408
1811
3204
1904
352
498
2915
2758
2844
732
704
1191
1721
589
2858
2621
1124
3399
2153
711
2637
3258
2598
672
2000
3115
1995
2510
3331
2880
744
605
58
306
299
387
2261
1793
2381
1190
596
158
606
2162
1507
1888
3261
1724
2514
3227
1218
2092
2306
483
695
106
244
1660
3486
1349
2836
2697
1518
705
2440
2126
167
842
199
638
742
931
3150
1748
3456
1790
595
3003
640
2312
1744
1041
2766
3220
853
1300
2234
512
1471
868
483
220
515
216
293
2519
815
3488
3223
2544
759
1590
1201
454
36
161
1391
1522
661
1019
595
954
1400
3107
1912
3498
2935
2081
104
143
1973
1542
3042
488
3176
1989
862
1127
1619
2268
2836
1133
1201
2316
3585
2990
2304
3019
2777
434
1725
179
1743
3532
130
2605
1731
665
464
838
1764
2755
663
148
2745
3151
745
1570
3404
917
2818
55
528
577
276
1353
957
2943
1455
2635
1197
1724
3266
886
2787
3453
1111
2541
96
2083
1844
839
2707
1979
662
547
3038
3075
2485
3059
3442
1258
180
3067
3451
3407
176
2261
2511
2245
2884
593
2405
3307
133
1538
3109
2920
3235
583
1764
2391
590
1149
232
3623
980
501
3183
2465
96
1765
2202
1856
2873
1424
1869
2513
276
101
2614
3488
888
2162
84
2285
1759
1780
1014
2284
1803
958
1083
476
3007
1234
3411
155
2736
2145
202
2628
3629
2651
2203
3035
1859
2872
1683
2678
878
2640
3427
2160
3240
310
3488
1483
1665
413
2972
1046
3178
2009
810
1532
1740
1652
3599
3145
799
822
3117
3339
2969
89
1377
1980
1649
1093
490
2770
1766
1689
2602
1904
1965
3548
147
985
1802
886
1631
2739
3737
707
1656
2471
3011
1404
903
3221
1861
2601
1124
794
1856
2494
286
2849
2060
38
301
3778
3318
3576
2428
3497
1501
2898
3303
605
3408
3643
3065
204
3292
3694
2096
3474
2599
1678
1559
3001
897
402
3585
206
3343
2782
2332
617
456
2252
296
1990
744
1618
3513
2066
2151
2609
3735
2959
1722
204
1690
3478
2004
492
3471
2820
798
1567
1700
2418
2182
682
2477
1210
1870
2277
1943
3228
2376
2513
413
742
3164
1152
2966
2118
3474
3727
1061
1347
3795
3080
1091
1020
3305
3090
3432
1810
3332
3142
905
1382
918
2514
647
1918
1502
836
2262
2597
450
2471
3222
1797
2325
1900
68
307
3085
821
404
1781
2821
1993
2236
2328
981
350
588
388
1945
2181
733
534
2569
903
3714
1491
3543
3707
1828
2031
3774
867
1631
3692
3828
850
1369
2438
2457
1662
2511
2887
1451
1014
3016
3102
1801
2636
2621
969
3573
3358
126
3224
214
3627
2058
1666
3293
2790
2874
1238
3712
155
2429
277
2047
418
1199
2533
798
951
2596
19
1330
2776
601
3673
3617
237
2063
853
1796
2260
481
2503
3834
1012
98
2014
3831
969
3841
1323
3780
613
1386
1430
117
2618
178
1656
1880
1804
776
280
677
2760
3207
2152
911
3573
2049
3253
1865
3432
2623
3354
1632
3713
1081
1617
3942
1535
2185
1884
3400
657
2489
1657
3427
2914
3287
2942
2876
1891
2408
3357
3564
1898
2463
1902
830
3766
613
3357
1517
400
2125
3826
1564
264
1431
3183
2621
1649
2925
3028
1815
1846
1348
345
3083
1529
2613
431
1314
1517
3718
851
3386
2192
3313
924
3231
2020
3410
964
2223
764
603
1208
975
3044
439
189
188
580
1414
415
3240
3943
2892
1746
1573
1815
1082
2635
919
2941
1296
3348
794
1868
695
518
284
528
3587
1925
2431
1592
2108
2900
740
1634
2370
1949
3037
1405
173
3408
1412
3483
3386
1720
2172
371
1093
2987
3736
3348
497
3002
147
1399
1509
2858
1868
1407
2455
2196
1679
2518
3112
3078
229
1257
298
209
1752
2939
3029
3688
1999
2860
1466
1816
2748
3123
2209
991
1679
110
1273
3268
2304
3704
343
904
3576
3005
2916
843
897
3128
1352
68
2329
455
129
1354
2759
3049
207
3678
512
1392
3546
2032
708
2577
1710
2183
2303
1320
2381
1724
4026
1583
369
619
193
464
2541
1731
2029
2757
1832
2407
2869
579
738
669
3393
4050
2310
2507
959
1065
519
2344
2515
2477
4142
1376
207
948
2078
3575
556
668
2223
1871
1004
4165
979
3845
487
3198
1437
2320
331
3677
3371
2995
213
1356
4088
2530
821
1883
2390
1365
1165
1160
3755
3213
3272
3887
3231
1379
2937
2091
616
1541
2488
3083
2791
2104
437
1606
729
1353
1397
1076
2166
1373
2227
1472
3155
3446
3383
43
841
2182
1187
1695
2878
716
86
309
3414
1483
3348
333
1477
2465
3512
1204
2811
2781
4199
3818
1460
620
2676
2141
1099
3211
1088
1612
1592
153
893
2724
347
3485
3704
5
581
1554
110
2530
2326
4155
2627
2112
3718
2760
3615
4002
3032
1173
412
1108
497
2795
511
3402
855
1938
3208
1530
2942
1182
1630
600
1130
2762
1071
1255
1613
1696
1929
1332
3619
806
3242
871
1404
1489
967
1377
4097
2972
3504
689
3393
1980
4120
1463
4319
1479
2569
3155
2455
546
2503
1983
1631
4071
1841
391
1419
3158
4314
2039
2454
3641
1889
691
4073
2603
3081
3762
4231
3955
1992
3842
710
1114
1438
3046
1179
51
1708
602
686
2002
3637
2649
3142
917
2389
123
2474
2034
4054
1288
568
1038
2917
3328
2574
4238
3862
583
1202
3892
3018
700
1701
3148
3228
1094
2276
4044
1676
3077
2808
3015
2457
3744
3453
887
2060
3096
583
1278
2193
3673
848
3117
4093
3787
1834
1807
3561
2139
1623
1128
2272
2407
2125
3978
3239
846
953
4252
903
2088
281
176
2570
4164
2014
1505
883
3531
4081
3911
349
1016
3706
2798
2045
4460
4462
761
72
2720
3647
3865
1707
652
2309
1672
814
532
2675
1280
581
3835
321
1570
73
1840
3256
4366
1885
1973
2423
3474
420
1646
1934
1040
2616
4008
4156
1016
1975
2255
1256
1391
3194
4184
2497
3158
1047
263
1688
765
77
3567
4010
538
600
480
752
3519
3296
4167
747
818
3705
3872
4365
3820
2291
4508
74
498
2222
2443
3039
1078
449
1905
4506
971
1670
1979
3690
2148
3700
797
205
3157
3670
1348
2597
1842
4149
274
1421
4020
2404
2696
2411
468
791
3694
4318
1959
1330
2250
3897
1490
2297
2769
4527
2287
4122
3773
997
4340
1107
1583
4147
1347
2014
3293
1421
2327
1487
3235
2116
3968
1294
60
1902
3633
4334
1630
1392
3581
2726
1882
2005
4460
2275
3696
744
2014
2379
2267
3589
140
2702
1424
3454
4062
4072
610
137
3184
3530
556
702
3993
210
3542
316
4544
334
2279
2606
70
2050
3254
683
4082
4227
2332
3233
1303
3909
2403
1090
1049
3455
2096
4538
2094
620
1622
2540
1385
1097
270
4630
3802
1132
3666
1921
98
1268
2405
4184
1970
3400
2191
267
2597
1953
2223
3139
82
4419
217
3345
3533
222
2306
261
4559
174
4480
303
2822
3452
950
4617
2040
289
2326
2972
3448
547
4429
4235
976
2197
318
3407
3013
4487
2664
1709
2634
2776
1934
1706
2165
2008
3256
3835
1216
287
2014
358
1830
2515
300
2290
2141
2527
4421
4372
346
2212
4636
782
1740
3273
3241
4218
2075
4016
493
2900
1629
