4651
1
2
3
5
2
1
6
3
1
1
6
5
6
6
13
14
2
8
18
17
18
11
22
12
4
3
17
14
5
19
6
28
2
21
9
28
4
5
29
9
33
26
44
22
18
44
25
40
34
12
18
3
2
45
54
43
53
23
4
20
62
12
33
51
35
15
24
65
64
3
56
58
22
7
49
55
75
36
39
34
4
83
84
33
4
45
42
57
8
18
87
15
70
64
83
66
73
3
27
94
43
55
15
22
15
40
31
84
55
20
5
111
92
8
86
18
114
53
1
17
10
83
11
68
3
123
32
70
113
116
10
73
119
31
55
20
111
55
9
42
87
88
106
39
73
126
143
139
139
2
66
128
149
120
49
110
72
62
120
100
54
146
142
82
162
22
155
116
129
41
117
147
63
81
21
158
33
111
37
69
43
79
4
124
9
163
54
126
113
132
188
60
174
130
168
167
136
60
153
95
187
3
199
46
153
191
175
182
132
112
144
103
24
23
203
201
8
102
120
16
85
160
176
122
21
156
206
178
150
69
229
106
19
75
218
87
100
28
33
30
81
171
82
208
99
170
2
67
53
100
40
55
164
244
128
209
106
95
248
219
135
200
177
194
150
110
13
230
121
233
166
39
105
166
78
115
72
64
26
119
116
81
284
271
83
26
213
25
181
162
270
274
12
196
228
81
248
92
298
243
29
78
200
143
139
123
166
292
214
192
76
121
101
68
97
121
114
23
42
122
190
170
209
7
112
139
115
170
114
219
168
89
135
256
3
26
281
105
239
63
328
255
90
310
2
302
237
168
280
157
305
69
269
232
320
95
200
5
171
248
267
7
113
85
132
130
115
262
233
210
156
284
370
116
163
280
153
102
20
294
17
74
153
136
43
120
150
340
226
383
103
249
241
317
140
27
296
351
235
397
251
304
126
318
54
337
368
175
147
124
38
10
100
238
356
82
252
19
219
367
189
396
420
391
137
409
347
58
184
62
279
84
1
111
66
329
298
329
427
299
319
278
149
262
178
143
224
158
197
121
426
232
410
57
119
324
452
44
391
295
61
293
10
420
397
136
187
201
394
395
129
431
473
67
205
290
315
331
386
105
405
145
7
97
213
189
156
286
257
220
219
412
233
245
261
404
424
382
148
355
443
24
390
357
176
256
231
228
408
393
135
326
323
437
348
131
252
500
368
31
333
133
99
54
247
521
158
391
393
170
159
480
162
260
189
91
61
10
419
4
309
526
223
536
365
107
21
104
295
62
14
423
126
447
214
198
454
98
490
433
88
207
76
496
173
434
247
444
232
335
454
561
5
551
282
226
56
560
398
265
290
151
64
1
85
22
145
245
57
470
470
92
156
275
444
325
317
368
586
269
294
219
544
547
285
494
401
42
336
38
320
5
66
259
436
225
248
186
182
103
574
146
78
274
548
429
297
208
252
238
63
180
455
337
236
253
423
344
11
599
100
128
559
423
480
178
359
129
212
321
42
6
572
440
432
568
191
516
642
12
162
487
623
112
585
560
461
395
368
628
125
343
664
173
324
276
616
518
476
121
474
78
145
172
335
62
350
90
215
228
638
566
422
639
197
224
515
315
197
491
198
638
250
497
329
689
592
37
635
134
54
455
608
394
111
118
320
661
37
478
57
646
403
723
274
334
275
534
110
70
677
639
150
224
569
157
50
519
363
253
547
547
434
731
83
141
412
37
672
574
526
543
17
239
259
610
113
752
711
561
523
308
457
172
607
127
508
302
12
118
573
234
67
521
743
368
549
421
554
92
110
418
244
736
771
149
255
76
127
579
323
673
4
348
308
345
278
65
710
16
793
692
380
255
637
426
622
54
242
173
649
439
325
456
552
490
121
504
640
57
742
88
606
551
348
347
74
723
1
33
461
149
578
135
825
157
776
544
281
10
774
100
205
168
354
808
316
575
467
329
186
439
571
185
209
243
727
290
98
836
833
724
505
692
164
293
653
417
170
375
262
525
765
444
194
31
113
149
290
154
661
209
581
751
211
221
34
17
222
478
94
637
582
12
688
328
590
453
597
46
757
717
251
563
264
456
90
893
549
621
724
696
893
55
426
696
418
459
28
87
141
365
229
183
249
78
573
705
304
172
155
222
508
96
6
674
503
914
209
824
892
241
361
286
392
33
766
299
202
567
527
601
461
49
337
766
154
627
391
64
362
196
323
932
127
144
486
34
802
407
659
689
294
268
504
797
150
802
785
482
186
380
132
133
857
330
175
906
86
375
649
522
196
461
271
496
857
797
280
427
86
492
942
490
6
776
154
649
625
617
205
1000
986
318
927
868
669
194
133
833
22
85
617
668
1004
826
756
931
807
895
842
740
826
652
780
55
452
810
419
796
180
795
146
238
687
133
884
900
509
896
510
593
656
808
505
816
402
545
316
650
332
237
281
19
373
636
348
223
408
307
458
960
18
59
276
621
501
349
801
585
1077
372
659
852
61
104
417
467
196
1005
453
990
628
600
572
610
533
274
29
612
1077
867
916
360
1084
974
509
557
503
423
6
890
42
249
831
931
577
319
365
246
181
124
650
26
545
909
622
546
503
1055
267
1107
603
493
1084
920
115
687
951
625
89
504
648
448
36
1034
1086
43
978
90
402
396
1012
425
203
577
737
226
289
202
463
121
1088
954
1081
880
494
8
1118
1084
995
681
804
689
269
461
207
234
694
1136
808
1155
1021
193
600
770
98
215
597
1087
1035
111
77
17
385
548
36
780
201
157
1100
683
21
172
1050
55
884
1207
96
153
48
592
63
1082
547
589
1164
421
1011
177
932
189
535
190
697
918
712
798
1087
536
29
1187
73
258
679
348
1065
1149
142
1155
775
960
657
205
186
558
925
1086
921
1072
301
604
1113
458
1194
13
1057
297
683
548
961
228
126
1013
493
340
1194
1
986
109
193
806
946
741
546
50
1000
257
149
333
494
552
1140
839
920
152
36
673
359
327
1223
570
467
571
535
748
1208
779
142
571
533
249
493
658
605
1192
265
1171
674
1019
142
1189
69
1208
1264
1271
504
1204
828
499
493
495
827
61
568
936
140
114
1074
433
154
1276
607
840
415
860
161
510
1043
983
889
1144
205
1274
1094
1205
311
764
936
968
733
339
1006
373
483
630
92
851
1127
806
755
912
775
118
396
748
133
664
564
1160
1112
817
88
143
551
842
1325
513
555
962
504
185
33
41
1238
1231
588
759
383
1054
133
827
857
575
1311
1201
437
620
1279
1351
880
1355
1055
210
231
187
990
653
1387
642
1279
435
1019
23
938
426
1051
392
109
648
93
313
1176
197
39
202
1292
277
76
1034
1226
205
1301
417
1061
304
1419
1170
192
495
1414
61
1039
1201
321
773
1254
1355
799
91
292
761
1174
943
455
285
924
144
581
558
970
1392
96
686
1387
668
326
98
419
1201
805
1277
1062
266
1154
1303
1081
159
123
192
698
10
571
1274
209
799
1310
1375
71
117
1197
417
637
892
561
438
1046
580
972
82
79
68
1406
472
1114
482
1372
998
833
305
1383
665
990
1199
895
1260
1374
739
1404
1516
1329
285
1489
1110
17
1046
1210
327
354
525
1507
982
944
1221
1158
1073
405
869
1423
1529
420
722
1103
1379
805
1121
716
1227
677
446
713
724
1150
1357
1541
541
953
70
1483
1478
1170
1408
160
893
313
1453
1009
933
1562
554
1277
490
1483
168
1018
922
828
165
703
471
105
1154
1499
1553
350
1271
690
628
1127
1095
1436
1590
274
694
81
1019
1112
640
1054
975
780
658
1140
956
579
385
521
1303
172
1550
858
342
1016
1305
1361
911
485
671
1417
8
630
507
765
707
1554
1355
1055
47
1575
640
1240
811
596
35
706
359
1243
859
1477
1322
17
896
1607
332
1238
325
161
305
791
738
1455
1413
257
1557
710
919
91
1462
440
1522
275
1239
418
925
1209
498
1021
998
1507
1386
660
1349
1035
196
1312
61
518
792
1432
1243
100
719
1042
1664
727
286
1666
432
911
251
1610
23
958
1165
515
790
1087
537
1111
303
607
1018
235
7
1645
340
550
1013
135
333
129
165
1618
644
1357
839
1352
1455
1181
1669
629
765
1551
1659
1345
276
1229
36
1345
1498
973
363
1276
94
980
94
1675
199
233
582
1165
1735
566
1433
377
1049
972
595
160
851
720
1040
220
469
852
338
966
912
74
900
1381
576
5
1411
631
915
1766
597
1374
420
1769
400
1055
1431
424
665
181
71
725
929
1355
964
1318
1696
911
1603
131
828
1309
998
1320
989
1586
17
139
643
8
1107
3
1371
349
215
846
933
1141
384
351
675
1474
1704
394
1423
1257
1322
721
1540
783
1017
1687
1306
994
1043
495
1184
139
1082
139
915
815
1056
702
387
1146
1774
843
275
575
1522
283
458
123
1033
1573
1754
228
368
928
880
1352
717
271
1296
669
1739
815
362
396
264
956
1721
440
383
710
243
314
1520
1422
1010
783
1558
1090
1296
1795
1173
825
17
812
583
1486
618
198
1564
1787
1785
1419
293
317
1504
840
533
853
1160
917
370
1020
372
1687
1463
709
1452
593
465
1842
308
1394
1153
1668
28
149
421
493
200
385
1706
517
62
2
443
1750
66
1238
328
929
121
966
1884
910
1358
1914
646
1105
1873
484
679
432
1391
1389
1110
168
843
809
838
966
1683
1126
1234
1284
918
282
390
842
660
394
1269
531
210
183
108
481
1018
1547
298
1388
722
526
806
1823
1931
1457
618
485
1802
1797
720
1226
1691
475
172
1313
1203
1466
223
478
1306
670
1449
1908
432
1055
900
1331
231
386
1469
672
742
1396
250
268
1642
1984
100
50
953
1083
1729
539
1723
1216
282
469
1948
29
1842
1837
964
1497
2012
54
797
1146
804
419
1340
1988
1661
1743
958
1613
395
528
1989
164
887
1782
760
1784
451
610
182
1523
302
928
1831
1791
1467
1384
743
909
1052
496
1992
1916
1165
1354
216
24
1648
1447
875
1028
1223
949
688
1372
1980
835
194
1971
1346
372
874
1985
1976
1740
1047
1143
1865
1533
754
645
760
718
1541
1212
2001
1239
461
1599
363
1976
239
694
1813
1052
1023
1459
1977
1618
157
1036
1491
1993
1197
533
448
2079
1594
1548
135
886
1735
1581
820
1097
1811
1291
1605
11
1163
445
232
1500
1800
1438
1496
622
1082
979
1864
179
108
766
745
1042
353
1832
1721
536
365
1531
687
1445
271
409
856
1800
1575
65
1157
1183
474
1622
1762
468
2083
376
460
996
2020
574
1337
1510
307
2094
463
1181
1552
954
2044
1802
477
1582
737
57
1274
1825
815
1381
1637
1309
303
887
513
2048
1703
1750
81
568
1173
1663
599
1488
231
2018
205
542
1617
621
162
57
2088
1793
517
592
409
1457
221
154
1921
59
2170
785
1667
1026
404
1257
1172
1823
177
116
1003
896
1224
45
810
1795
521
1822
666
1456
416
1804
46
1173
1689
271
398
463
2087
453
501
483
1792
1443
381
631
1108
479
1528
1656
617
1336
1956
1314
1511
1816
1797
1361
519
2108
1337
1883
1700
2244
531
1668
167
1180
612
1141
1988
107
1400
1354
2122
2249
29
53
1425
528
629
1823
2015
1354
153
320
1994
1113
1534
1786
72
250
2269
1189
1563
1871
846
768
2078
2148
1343
1233
900
1717
1364
479
2127
1991
746
1143
1069
1442
1661
1933
1160
1465
423
411
40
612
1466
2110
1990
1236
829
1450
189
971
44
1477
442
351
2116
727
691
207
890
605
1877
615
1763
645
2033
2112
486
112
2016
1110
272
1115
1637
1267
640
1023
2347
1773
1632
1443
1014
355
1950
985
1715
2175
1263
46
10
1460
687
2110
1012
1707
2054
1232
2059
1243
1949
1706
2058
1439
843
94
1397
2019
1803
452
666
1237
817
2298
874
570
461
991
1334
291
572
1983
2380
516
169
1701
816
2100
455
1256
2180
459
8
908
2010
542
864
665
2139
1822
958
741
1652
1334
2269
706
1838
463
364
855
1608
616
2049
2378
1725
656
2065
1668
1836
2018
1633
1295
74
15
792
2132
1461
325
817
1585
1179
1128
2139
956
2399
647
947
2036
1877
443
2255
176
1242
813
764
1668
99
800
1931
1191
102
1054
1982
2368
176
1873
1721
2457
1220
2405
125
1189
2007
1700
1979
768
1069
1634
2393
2048
1101
464
1993
1886
1142
323
1353
1879
1399
28
1242
527
797
2427
1812
1652
1215
266
328
2402
1832
1683
1913
671
2186
1922
2359
753
2478
1996
753
1139
1808
1238
709
2079
2044
1404
1933
1558
1618
909
1257
2047
684
1749
1331
1261
1870
715
1571
1850
1521
2071
1679
1089
1960
533
1706
1931
2357
162
1058
2124
109
578
1515
1331
2225
1550
2439
1682
2437
827
1524
971
2340
1412
1906
1060
1289
1445
1051
1090
1424
987
1706
1064
959
449
1518
1146
540
152
156
1748
533
491
590
1351
2040
263
2107
2043
749
373
73
2476
2301
1550
2506
2593
1525
1258
1290
1131
1748
1229
2486
2533
679
698
2253
75
1449
467
183
2219
1674
1101
2008
2601
745
98
276
472
1175
1224
2508
1297
1247
932
1532
1177
2148
513
594
2539
440
2350
374
300
2011
631
1295
1610
1620
770
1206
93
2478
1153
2615
639
134
1391
128
326
2337
446
901
2581
2086
1788
2426
132
1532
1183
2246
2207
73
471
543
2559
2230
313
1725
2002
1405
1801
2678
1287
1497
454
1364
680
775
950
574
2338
31
2498
1918
269
853
1631
2249
605
406
2563
208
1513
2291
2549
765
2074
903
1897
2192
421
2272
279
839
1155
1636
457
997
2447
1208
30
193
1183
104
1558
370
2495
2274
2613
558
213
2564
2290
2378
1419
646
2478
675
1424
858
1336
1801
477
2267
83
1201
1862
637
2072
819
345
2643
1602
1351
1802
554
331
2559
734
664
2024
2182
2268
612
1265
758
2753
2247
1174
2237
944
21
2281
2547
232
466
2761
902
701
621
2263
911
1020
428
1501
616
1099
65
735
2563
1408
531
756
349
2070
1897
794
455
530
2562
2310
2371
2222
1311
429
1276
1595
607
516
1759
421
2295
1203
2742
2397
149
2769
1320
1905
513
264
2261
2105
1383
2801
1105
1606
2768
2659
1960
797
1381
1434
408
1448
317
1734
551
2063
539
813
708
1979
568
1858
2667
2073
2522
990
1441
2443
1577
1940
853
1708
1078
1298
697
1579
1906
2834
1580
22
2793
2748
249
2704
365
1729
462
199
1287
711
1450
1473
786
1063
1465
1283
262
1321
1703
346
2362
1176
240
2870
1181
1841
1162
243
380
944
1591
220
221
1085
1249
1650
1529
397
2286
1783
1242
347
100
1041
834
426
554
2771
69
474
458
471
2198
2104
964
767
1178
2305
2916
557
51
1765
454
902
773
1821
1568
445
2218
2200
1521
2771
2641
2530
1754
1508
2631
953
2320
1612
1111
2670
2171
1905
675
2217
543
1023
754
1421
875
182
2365
2522
1674
1520
355
1729
559
2958
339
1317
746
1675
287
2129
2382
773
2789
1213
1460
463
2204
2256
237
2159
436
1004
441
696
923
1325
358
1620
2491
2712
1070
2535
2163
2952
2157
1179
2911
313
561
1986
215
1843
30
1467
329
2014
2315
1530
2253
1911
129
1098
1804
1719
2757
1319
1114
674
744
1671
2447
2123
1411
2747
1675
839
2572
1910
2215
948
2682
2716
2663
1640
1501
46
2069
2656
1401
884
1905
230
1486
228
1071
1874
1539
880
1965
2533
750
1104
518
1337
2813
2918
600
2831
356
1264
1797
822
1254
2430
2788
1885
503
2683
1446
1151
2789
1839
2283
2141
1545
225
1591
8
132
1908
2240
2428
174
669
906
2837
1301
1669
1292
2209
1910
1656
1530
1969
2916
202
798
810
971
1662
2814
1405
253
456
1009
519
2159
435
771
2149
555
718
2726
1779
2068
2127
2330
938
789
2521
1238
1465
1135
922
341
2069
2622
2980
576
1308
2215
568
1372
548
604
118
2283
2725
2950
851
2347
927
1744
1494
1505
2672
1512
2366
293
2894
54
1025
1425
643
605
506
3107
3108
679
1219
2029
2759
169
1727
661
2614
772
2031
1505
238
1969
1603
674
1515
3141
2761
362
749
1887
2476
1259
2276
655
1290
2489
2622
2194
1268
2744
652
1048
2433
745
643
1787
356
431
909
3145
2403
2505
3074
2062
2265
918
1316
1266
225
2660
619
1458
2923
2928
1323
389
2489
3104
137
1078
586
2747
664
1314
1932
1492
2619
1411
3091
489
415
1957
320
13
313
2326
557
2037
1210
2936
3128
2019
692
1974
1508
277
523
1959
281
1851
146
2678
2554
1322
1484
120
1923
2456
1452
2455
1982
1271
2198
449
2447
2582
2576
635
1438
865
1635
2415
1894
2380
1507
420
1765
2992
13
1994
2086
2899
2092
1615
2319
1703
3167
461
2329
1869
2304
183
830
1502
2282
466
1697
554
1186
586
3277
2534
2523
226
1853
244
1639
3047
759
788
632
1960
3226
646
1505
1008
1685
1595
2657
1898
1201
2924
635
2982
392
2585
2816
716
2139
1484
2574
3320
2544
2141
1323
885
476
282
1861
2194
1239
394
2281
1724
1824
3254
1995
1421
3294
1860
484
2378
2957
261
2598
2081
2788
2226
2701
786
960
3291
182
868
3129
2599
2338
94
273
1628
1656
815
963
812
2587
2824
2608
1750
2219
1162
2623
32
3273
651
3138
1071
3131
1624
2223
980
3274
983
3375
555
181
597
3335
1501
1160
2932
2596
2962
440
1637
1894
2567
821
3022
1306
23
71
1522
3341
147
2989
314
3171
2355
368
997
273
3051
1516
1361
3332
2801
265
2067
2791
1471
503
1244
708
2573
490
1857
1135
2153
2855
3434
2531
2214
1438
2656
162
553
795
383
897
100
2140
2210
2218
2910
1648
2652
3264
2631
408
2815
2432
473
1448
444
3380
1151
3202
154
385
1809
1540
1859
2152
1621
2525
923
1589
1223
951
363
117
2177
649
2023
3358
2798
1013
2101
1251
408
301
3127
2709
1636
1712
3332
1750
2505
1515
642
3277
2039
2087
3459
3338
932
1513
3460
1512
358
3325
2556
1125
94
2669
1766
163
793
122
1740
1114
228
2006
2669
2054
2021
974
3500
2396
2851
334
2087
388
741
3125
2329
647
1161
1482
2989
2187
2079
1562
1296
2234
110
2753
367
3265
2146
2520
2416
32
1079
1605
1656
44
770
2083
3136
2089
2452
695
159
537
1358
348
2250
935
2411
595
1650
2864
1587
3565
263
1197
516
1986
2032
3216
3319
64
2340
590
1403
1531
417
2389
402
3412
3124
1223
612
1254
2782
1059
138
3042
1352
1641
1556
854
55
1785
436
3194
3573
1599
526
3210
797
2869
1571
124
881
1226
523
1191
69
1292
1067
3518
1447
2374
2815
2432
2780
2831
1714
1522
373
2218
2436
1884
2073
524
2205
1136
1991
3176
2517
3232
336
3571
1640
2966
2692
884
2191
3130
992
1229
605
2281
2714
26
1362
3144
2832
635
2831
2446
3587
2909
2776
2919
651
2587
2034
1262
1550
2202
293
1591
2377
1993
3299
458
2172
1015
3588
331
912
425
1670
3007
2225
3660
102
2202
3682
2829
785
1764
1197
815
1609
526
737
1504
3208
3034
2049
3259
462
894
103
2637
1757
798
1089
934
172
3627
2150
1459
1633
1010
2404
3070
3097
1582
1390
1386
1888
1228
1881
822
2836
985
365
2904
1719
1693
3427
941
2779
3212
609
711
702
2179
3624
2568
1906
1093
317
1717
1131
553
2656
510
1818
3499
95
626
951
1502
2507
2426
1228
2220
3125
205
1549
3077
2197
1529
455
55
3332
2714
1419
3552
2112
1769
671
716
2572
1115
2920
3108
3485
3162
136
3579
1377
727
101
2100
2910
3744
634
2502
2865
2389
3437
1404
2335
2709
2730
1032
3077
2132
1103
1741
1336
1320
3722
1889
2339
136
1091
869
2447
3260
441
935
1881
3197
2458
2386
21
684
3365
2227
2685
3809
2193
2150
2501
3396
1723
1481
1007
3268
532
2887
1834
2470
2298
1260
1249
242
2384
3281
1727
2830
1179
1113
935
1083
2829
3846
1247
3339
497
1673
2295
2747
2025
3450
2423
420
3147
973
2103
741
864
3782
3785
1787
3724
2805
1989
768
1513
3298
1533
1327
2073
2386
1898
174
3546
1391
3438
2677
7
2592
19
1005
1413
619
969
3210
40
3343
1658
692
2239
1904
2618
126
1638
135
91
542
1086
400
2091
1239
290
1621
3117
3342
2796
2825
1571
2059
1024
1334
2371
2171
2370
36
21
506
1319
2345
337
665
2052
2020
1128
3221
1814
2331
241
1564
37
3106
1831
3159
2175
2359
2548
1971
3384
3417
2154
2989
678
3900
792
3020
1042
3482
3213
220
383
3291
3516
837
598
3647
355
3572
172
2546
1243
1616
3505
2426
3952
1048
1800
2187
2392
2795
252
3312
2952
1299
3082
3461
2928
523
1079
1763
2639
1455
3951
972
3615
2264
2710
3774
490
1507
1701
2636
2277
3656
2937
161
1590
1138
3909
63
2853
3218
2416
2486
1286
3462
2191
3718
939
3154
2108
3928
176
1970
2468
2450
1005
3631
831
577
806
2075
2476
920
826
3131
3318
3563
18
563
2657
3406
3440
3957
1873
2503
276
3300
3526
236
2473
3460
1123
983
2141
4004
3509
438
3236
2763
2654
42
549
1037
2120
2250
1440
1355
4023
2752
969
1522
4068
448
1181
2169
1696
3779
3185
295
4058
2333
874
1338
2958
3580
1754
100
1193
3817
1472
1093
1060
2296
883
1699
82
1479
3540
3364
2858
3160
971
2551
3813
3458
361
1305
611
2646
2729
1094
3354
2426
2678
107
754
3753
3979
1627
2829
3120
2871
951
2568
1382
2879
1479
2401
1030
2001
1804
3211
1091
1338
2494
468
1791
1253
504
2620
2188
3358
329
3940
461
1605
3614
3196
2036
1011
2453
2529
2748
3087
3230
689
4144
2694
645
1012
2929
256
3484
193
3834
1024
2166
2529
772
2784
4133
737
283
2612
584
3984
2681
2055
1703
1123
2894
377
1266
3502
3687
108
4135
3397
2014
736
2442
3656
3411
2960
3670
450
1828
1963
3170
3042
2942
1519
2834
984
2756
2872
3193
3238
3937
567
1145
2485
1965
2892
4109
4077
2253
2420
2015
2093
1425
2280
631
3479
2288
1444
3502
2567
4010
1608
3535
1203
4016
4134
3666
214
1563
2009
669
3450
504
1033
358
1668
2133
2947
4016
2322
3383
1465
85
4012
2053
357
1795
3348
1309
3056
2731
2311
2975
714
4024
4043
3241
4046
1009
3862
3162
4096
3990
925
2215
3948
864
392
3505
2714
3423
1613
2812
1024
2268
228
3663
2450
3911
3753
1395
3119
1138
107
4206
2668
3272
3435
3520
2337
3471
1886
3555
3638
2581
2273
908
2478
829
3079
1404
2584
2486
1554
3245
846
2785
2222
3000
585
1888
2023
2280
583
1462
292
1803
3927
2902
2155
3987
1867
1886
643
4264
3513
1908
526
470
1871
1391
4225
3467
4102
3594
1873
2944
1303
92
2974
1431
755
384
1557
3731
982
1211
106
2917
296
1071
2721
533
1056
2792
3017
1782
146
995
956
3067
695
64
408
1179
3604
2917
1457
3419
2709
20
2843
2032
1507
1093
858
4320
4356
73
1871
3330
579
1362
2828
2414
2885
3755
4175
3061
1583
1994
2911
3698
4004
3467
1725
3664
4079
4370
2626
3814
3431
2129
215
3439
4102
1491
1842
2441
1290
3196
3647
2454
202
1168
51
1419
43
3555
2456
3879
16
1765
2886
1323
1339
1865
543
3571
3365
466
1190
3969
4266
869
228
694
4245
146
348
3948
1201
185
609
3837
1751
2249
1472
2903
402
496
242
3016
1818
726
4052
4352
4444
3555
1850
1603
2559
3547
1538
1477
3540
2622
3235
780
3406
2
3863
2320
251
1480
2411
3369
2580
2329
3931
1341
2345
3026
776
4029
2222
70
4132
1979
920
1378
439
4090
867
2593
1210
2806
1366
400
2360
1946
562
839
3262
2106
3602
4292
4358
4214
1645
4459
4256
1860
3043
29
2193
2940
1166
3576
2871
316
3933
206
3691
4486
4212
3068
58
518
2900
2089
2017
4495
918
1709
413
191
2522
1706
2224
3680
3395
430
4512
1944
1098
3559
678
4101
1508
1690
3543
879
62
4224
78
179
429
3202
180
1862
2661
1587
1038
3481
2156
2118
1
1437
3735
3748
3041
2562
1348
4257
2256
3301
2286
892
1822
1703
1989
2175
2779
4004
3076
257
935
2959
590
4202
4354
2954
725
1892
2738
557
2695
1963
3082
2487
652
63
2155
555
111
650
3539
2735
1771
790
2190
334
4456
2000
265
3107
2263
649
1608
2766
1891
115
4210
4086
2531
2869
575
361
2331
1181
574
1298
2976
847
3919
945
2993
1456
720
4241
1398
4066
3398
2324
1203
