4623
2
2
2
1
2
6
6
9
2
7
1
4
11
14
15
3
17
7
7
15
21
22
23
5
8
22
27
12
4
9
21
9
3
5
4
30
6
13
9
35
29
8
6
19
35
12
32
12
10
30
9
2
17
53
36
8
12
15
24
5
54
52
38
34
62
54
37
33
37
47
45
42
54
19
37
50
59
6
66
70
21
44
29
54
24
30
14
61
76
75
26
83
37
29
18
51
48
22
54
90
51
93
11
61
66
10
17
39
32
14
68
30
61
20
54
84
43
110
79
48
109
68
96
117
105
15
108
55
52
61
99
29
90
132
31
22
58
74
87
32
58
12
139
78
62
91
119
72
114
120
123
136
126
73
99
82
66
107
17
71
68
38
30
64
140
86
84
94
28
118
49
88
149
132
50
92
82
29
138
67
159
159
182
104
1
151
51
184
188
165
86
191
118
52
90
110
57
156
182
90
102
97
161
24
65
183
194
24
150
30
204
148
168
5
157
201
21
113
162
26
131
218
145
209
34
61
60
60
77
65
220
7
78
40
135
164
117
153
84
52
141
198
143
61
39
61
144
142
71
202
197
150
28
198
162
190
245
129
52
250
158
74
153
253
218
60
215
248
214
106
125
33
93
69
148
175
34
98
100
51
94
158
74
239
268
169
280
113
16
176
181
191
275
212
89
127
53
108
199
241
102
32
174
128
119
182
248
224
230
263
72
69
45
10
244
294
80
52
318
193
259
49
279
212
157
295
78
38
96
292
151
28
44
112
160
293
31
145
270
205
148
261
147
65
343
149
187
124
210
177
1
214
269
298
314
302
289
176
288
251
320
347
84
352
157
135
161
288
193
348
127
297
273
13
63
211
309
341
138
305
208
98
357
26
48
230
165
333
186
327
287
10
26
156
344
371
102
81
89
266
1
378
312
50
290
135
340
32
115
128
148
290
332
169
274
139
221
107
53
157
291
155
43
293
239
386
123
340
227
222
284
398
137
347
282
37
291
381
263
416
403
119
417
445
161
82
146
433
225
306
42
100
238
128
189
80
397
288
6
39
255
197
156
323
140
98
245
428
430
168
198
430
126
360
137
309
179
344
167
372
73
440
297
420
151
464
297
83
224
90
225
356
62
394
492
229
172
224
162
46
388
6
339
197
108
351
407
226
100
431
65
461
125
234
480
200
306
225
381
11
45
299
126
308
143
445
197
516
274
301
117
99
394
72
467
314
112
341
259
131
261
410
384
9
179
323
208
362
289
387
369
434
318
138
407
213
130
424
138
471
464
439
472
419
496
232
50
140
365
274
131
210
561
80
132
483
21
2
377
25
417
572
33
493
541
14
183
357
407
252
351
415
119
280
31
284
16
228
396
385
545
430
567
285
86
598
236
495
435
500
609
487
314
24
51
478
432
536
31
528
125
152
529
556
593
358
225
259
240
76
529
254
295
101
129
509
428
418
86
310
282
509
476
190
503
268
176
502
238
305
407
25
103
154
370
557
405
409
168
246
641
489
452
419
449
92
646
428
396
467
220
97
191
65
100
660
396
286
422
191
536
279
328
468
460
253
677
559
610
387
69
280
366
344
163
539
413
13
522
240
295
495
239
680
619
239
402
325
395
371
615
501
567
495
347
53
649
120
27
35
622
577
641
687
563
506
395
426
710
236
351
294
673
655
334
252
388
174
382
41
285
136
349
554
340
23
379
525
496
288
562
371
576
489
436
167
556
587
459
718
215
266
424
467
733
311
285
755
24
672
558
168
441
257
540
446
10
373
392
320
655
454
715
780
134
313
215
584
731
202
348
146
279
502
348
19
630
337
740
785
450
297
774
380
180
549
11
399
171
379
338
706
690
340
683
596
431
783
321
80
724
815
733
450
428
50
407
765
807
305
215
227
678
717
558
726
598
335
660
143
235
52
480
405
764
149
360
777
355
327
118
575
744
380
208
99
433
52
671
312
785
272
511
508
110
826
822
508
774
482
379
88
42
404
391
248
128
144
737
283
351
881
37
868
532
81
324
294
540
452
813
259
439
598
596
274
171
102
131
387
420
588
761
585
334
664
10
665
453
800
748
619
584
876
851
743
212
471
848
537
332
141
69
904
25
266
913
286
222
337
852
898
823
4
238
131
665
593
41
287
523
637
436
881
664
468
929
226
685
888
780
105
845
845
125
390
782
384
288
521
385
643
856
762
898
799
135
64
213
397
426
330
96
93
426
460
602
822
584
940
45
764
833
785
119
594
100
411
799
719
133
832
248
567
406
4
536
20
833
321
990
683
591
71
345
585
751
392
321
608
989
631
316
257
822
921
653
668
550
558
425
552
440
516
252
568
86
208
776
142
663
779
900
559
400
566
906
575
40
117
33
4
183
693
1038
674
1010
1030
373
532
167
322
325
651
195
814
39
1047
233
87
985
499
677
416
530
920
242
770
285
728
112
242
183
687
67
210
227
839
1049
1074
76
584
830
252
146
555
93
844
482
817
485
938
216
113
312
71
462
351
633
735
793
1010
227
464
744
751
54
36
356
127
402
778
380
378
429
996
652
595
957
1088
456
987
956
242
1106
159
1098
458
105
1098
524
931
877
956
34
427
1089
292
824
279
336
917
751
193
485
465
331
85
1013
984
1090
728
1021
1138
754
8
548
213
1132
1029
400
423
80
393
266
582
397
139
805
1070
468
1017
1061
196
545
966
1138
254
485
41
1035
1093
1130
114
343
782
868
1057
660
718
852
1112
272
180
654
646
444
246
64
622
29
534
665
741
50
1116
198
457
255
351
843
587
1123
712
226
764
317
17
177
751
538
1131
335
449
853
143
897
468
165
28
634
1190
750
716
830
958
1198
427
218
518
953
12
62
57
877
1152
363
693
1165
137
56
926
174
848
173
613
676
77
347
114
1153
1195
922
648
782
412
155
605
1108
572
579
199
620
1030
601
1198
433
679
70
471
24
534
1186
827
166
1037
1116
553
777
1280
991
1142
433
271
913
195
1077
488
50
285
539
308
1227
148
674
1008
785
1247
96
812
459
956
343
590
1023
179
192
1296
466
845
112
371
142
104
409
305
494
1153
749
271
716
815
309
66
181
1049
1114
307
128
1312
289
791
679
632
451
1030
1211
315
890
991
1182
215
1168
778
93
426
1028
915
1194
531
910
750
928
536
1322
604
1032
489
411
444
385
62
1270
205
1024
509
270
411
207
1313
1335
204
675
973
805
1208
344
428
1105
373
1038
380
686
870
603
167
953
1141
955
161
740
729
920
526
112
983
375
829
437
577
433
833
1296
415
783
1224
145
600
256
619
1220
1388
432
1254
169
268
799
834
571
893
645
779
1395
672
766
78
253
930
184
1291
112
82
732
283
46
265
1104
578
292
300
199
1436
962
63
3
849
744
1152
546
1456
393
8
1331
71
1265
535
1329
237
448
292
1022
408
347
1442
1119
502
632
750
658
802
1241
655
1004
599
1325
548
1215
900
1010
502
681
36
1395
1011
378
148
1099
1252
767
760
2
799
1402
301
1185
1301
955
1080
260
702
1053
966
329
114
845
281
687
893
1184
963
422
1158
933
1004
1521
862
106
1475
726
272
1146
236
1379
1081
1162
78
143
651
1243
504
1160
112
194
1220
1470
398
600
1198
693
1543
972
1385
26
111
404
1086
456
301
1493
1172
229
312
1202
662
1160
1013
447
1485
1271
830
960
514
350
355
1219
304
1094
1246
820
615
84
1109
1544
945
758
581
247
1377
273
1297
1053
1135
127
1174
318
116
786
599
448
44
1432
994
826
460
1373
1208
1441
1478
483
1407
1428
1137
53
459
746
800
1372
873
36
269
1259
158
1326
784
813
1376
1057
347
1413
992
314
120
1330
905
1193
1608
1600
302
1633
1621
868
1239
1080
500
1094
140
1214
918
601
22
470
950
667
190
85
170
1598
55
120
671
694
815
829
378
1058
1039
1153
1667
378
728
1664
991
1281
1635
1079
1105
490
637
519
1604
1453
1225
1518
905
667
145
1584
1165
1588
53
1389
1205
1449
116
1430
590
1060
1431
1061
947
735
1018
1592
1411
414
436
1336
389
630
1563
101
282
219
1607
1316
596
1273
1411
589
187
1028
1611
445
824
670
1661
283
1188
767
933
255
1649
146
133
1250
631
1011
702
809
691
1723
286
941
402
231
1222
1148
587
1217
1127
1186
200
1694
1582
970
691
133
1538
202
1046
270
1215
649
474
869
1193
1486
1682
1573
489
1341
566
799
1015
556
752
1150
528
643
1240
489
1717
382
1176
1645
757
810
1472
453
1741
696
724
409
1188
958
1107
489
478
1074
1224
447
1093
1569
209
1316
1746
1647
1519
857
762
1552
1213
445
1234
843
97
522
1649
114
755
1628
1261
217
32
58
1801
1731
774
1045
342
1538
341
1542
1041
232
1679
1327
1737
1694
67
694
481
110
1434
931
737
1478
1086
437
1490
528
548
364
405
1370
1517
1629
836
1040
648
839
898
716
1405
440
9
1394
765
166
1732
1160
1111
1357
152
1685
387
611
786
1376
20
1506
1656
1363
884
1829
761
975
593
399
750
1471
250
1247
261
330
1004
1736
1524
236
929
869
1339
1691
1483
258
1473
1762
1183
1102
1504
1485
881
472
574
1492
1872
445
850
902
1502
1340
1372
586
984
381
923
1672
1444
315
422
453
953
509
1153
1515
484
310
120
1466
1438
304
1938
223
216
1563
565
1888
572
1214
976
1423
894
1072
329
996
1123
1461
993
322
1443
1338
1842
1630
1799
154
222
834
434
437
203
1278
392
1444
877
40
368
865
303
669
165
1791
201
1794
1878
717
469
541
62
927
899
1131
660
688
1970
119
1895
289
542
1540
259
1743
1622
940
249
223
1310
418
1516
115
1663
1955
1818
945
267
1632
188
1434
1362
334
1465
582
1434
1999
1307
1821
1265
1666
494
1500
1977
580
1706
746
607
419
875
1812
1918
1087
280
1884
1621
1517
825
1421
570
1798
1760
1208
590
1238
95
827
1496
1975
1321
276
1736
1407
955
506
321
1306
1674
862
1812
425
823
1793
1642
69
196
1168
354
1403
74
414
555
545
1255
1439
644
1073
313
394
1100
1325
2029
1523
506
244
847
559
710
1163
733
910
256
1184
752
1975
1801
199
2040
1776
146
808
695
1493
184
1792
212
470
815
326
1658
498
1996
1081
419
838
877
1716
1860
1564
1000
495
1357
594
568
1587
1244
504
1351
1443
198
1032
1225
1523
878
1847
1788
804
228
189
2073
2014
199
1984
1485
1872
2055
88
708
1759
2039
349
1982
192
1805
1009
1649
1862
1371
1365
1218
18
1727
13
1225
1553
1857
286
317
1853
2071
1462
1639
973
1373
1570
331
2030
1254
146
1489
1639
1403
1511
377
213
1163
929
244
950
1028
1510
973
1233
1193
2065
720
1297
1494
2029
67
1495
2017
1759
477
1593
1464
582
1059
480
1570
94
1950
736
1868
292
919
1071
880
1198
1746
1789
1721
350
1651
465
93
2125
1591
925
1612
2061
1717
1080
1028
1194
646
1553
1650
1586
791
2196
893
1521
692
353
408
459
511
1384
1314
369
973
664
1383
1456
739
65
1246
2139
1979
831
1412
207
1146
969
298
965
577
99
576
1865
1244
2067
2079
209
1022
1942
634
203
388
64
1635
2146
1623
1763
129
1932
1573
1802
166
784
2119
342
1658
421
695
1742
651
158
426
1336
1447
1202
1232
2131
459
990
1375
1668
662
1255
271
1897
1620
1722
2142
144
1630
2060
585
1850
803
1500
1804
677
1867
660
1038
2041
770
2079
258
2160
1560
1580
2203
148
1039
1864
1279
1861
927
2252
2132
209
527
1699
631
208
701
552
2217
1045
2140
214
257
1893
1392
2170
1646
2202
1811
1467
166
1879
2265
1327
1762
1682
519
4
1962
41
1987
931
703
216
890
1805
2004
421
1951
1891
198
1124
2055
2149
1079
518
1575
757
942
1052
1106
80
813
1692
256
69
1012
1378
1171
947
1227
1476
620
510
1314
900
2219
1637
369
1349
2129
93
868
2049
2291
1011
886
998
540
1371
148
1558
515
581
540
286
2348
831
1077
913
1602
2361
1051
1113
2021
672
51
1827
1067
902
399
2162
297
2047
2212
738
577
418
418
1405
1556
1343
1245
1851
2114
899
2178
347
601
1087
870
1636
2356
1232
741
1656
827
59
511
615
2297
1452
1347
791
2443
2366
2047
1078
1646
961
1678
1462
2397
1256
385
840
1253
2222
272
1405
1822
993
1901
2132
2216
819
2246
1151
2349
2047
1848
626
2096
2509
1647
301
958
1074
2334
1525
1189
743
951
560
2252
398
1125
554
1035
1364
387
1935
73
2463
1197
1988
917
2451
1979
813
1120
181
294
920
3
378
803
1790
1692
901
2170
1571
234
269
1574
2297
730
700
616
1489
1011
2440
623
374
1287
1370
2064
202
1989
1572
2356
1538
968
501
2271
398
2570
2269
2269
602
1749
69
886
1134
1519
2196
1693
1998
1829
313
1789
609
328
1249
1793
2231
1294
1238
464
1714
2463
159
1066
1145
699
906
1143
2206
253
744
477
2326
2469
2592
221
1042
2464
2558
1893
1102
2029
306
486
1909
2607
1219
1317
223
1204
2059
1944
1891
1333
1812
385
1274
2387
1128
992
2392
333
1394
135
1457
117
2619
504
2085
1340
1505
577
385
2460
2300
1634
2489
513
2294
1404
2085
873
349
1244
951
1674
933
2636
1
36
1635
2417
1271
559
2231
1160
416
1731
235
1080
552
2656
124
276
676
620
1218
2115
1163
476
2163
1583
1225
998
1015
1666
424
287
2048
895
1775
108
1109
983
752
1336
2013
1625
649
1406
1307
2526
750
806
1259
396
836
1246
605
454
2598
1223
1274
688
2581
1197
580
2594
468
2545
364
2123
2611
1485
1935
1677
1981
551
2707
215
1458
1728
783
2185
1338
1527
1951
2237
798
1071
2002
1500
2100
806
86
228
250
1548
171
848
787
1005
930
1142
2584
2107
2277
177
2264
1181
2722
1658
2768
1855
2718
1776
947
1558
2546
874
577
1106
1954
2705
2050
1434
481
1828
1683
1046
2049
2469
1096
1371
2007
2152
932
2622
68
548
1803
1402
810
1790
927
1302
2215
1968
2117
2309
492
1985
2703
2215
1993
630
1267
364
734
1815
644
2093
2814
1647
1562
2746
2071
264
181
2440
2570
2066
1308
1740
2376
2812
652
2088
2209
1720
1765
608
1311
1054
2060
2275
1543
818
1671
1481
2036
658
395
1758
129
2243
95
2164
722
2217
1557
2770
2575
1202
1792
1237
1457
2418
1526
48
1005
1431
2803
852
618
1436
1423
859
2116
1979
709
2006
161
2005
568
1641
187
1234
2259
1237
1825
2657
658
2101
2194
273
1896
1918
867
637
1335
347
804
388
937
2743
1072
2628
2726
1642
823
2446
2132
970
1713
843
2573
1961
2539
1039
1152
426
2808
2434
2410
362
2499
1390
136
854
678
689
413
227
357
1576
231
1084
2878
2162
2431
844
1542
2472
2051
714
106
1856
577
74
1548
1286
537
1288
661
1736
357
2468
537
1376
1437
1470
2005
433
28
1468
1355
1352
1415
1258
691
1272
2166
2131
2692
2820
2579
2275
34
2847
2518
2830
244
2582
119
1776
1094
508
864
2057
526
1812
1841
2588
2815
1478
138
2635
2117
1313
1807
1185
2001
1986
2434
2696
1810
1920
1751
941
1318
2274
2638
2204
2632
976
1748
459
2452
2737
2725
1189
2393
591
1321
1614
147
1841
2399
1089
734
533
423
428
2291
1361
662
181
436
480
598
1996
280
1189
999
2023
653
1411
2566
2430
2268
1174
2779
2188
2310
2625
367
2766
2542
2989
1327
772
189
842
2918
1250
1703
2155
640
2693
2919
872
2709
2181
1169
809
1291
462
38
2719
2568
1878
534
1258
1036
3
2746
992
1030
927
1827
541
866
1241
681
1081
2187
1904
2985
2360
2611
640
2299
2436
1036
2034
947
1542
2002
2781
1873
992
291
2338
514
791
2973
1975
2935
2165
743
1816
2548
405
1963
2602
2431
475
653
2139
641
1025
1431
937
2999
1010
692
3110
1027
2096
1488
2091
1485
701
67
483
1203
1314
1492
2506
3011
1538
1496
1946
1448
1398
554
2559
2076
2802
2428
2517
972
1770
102
2732
205
733
1975
569
94
2211
2122
532
1934
1012
557
1278
332
3000
588
1434
2965
2717
850
786
2945
2887
1769
1591
145
67
1047
506
724
2093
2989
2744
2439
2927
1521
1676
1467
2255
1862
573
2152
1135
2525
1465
1833
786
2890
1227
2230
1170
1645
2710
371
2657
2488
2382
2455
311
2486
1193
1103
2970
2381
3163
147
3024
2134
1546
411
2308
1177
329
167
527
2482
2783
2576
2344
16
792
1082
1344
823
309
2708
2347
1634
2005
2500
3025
410
1066
353
51
1347
2947
1803
1295
2839
2248
1402
1139
1953
2999
333
735
1437
2043
2251
2948
418
400
1491
1220
2207
162
2642
253
2184
1561
1610
3152
2026
3230
226
16
2434
1971
1634
1561
2679
49
1350
1109
1968
1498
621
661
180
3159
1928
521
1819
1469
686
1601
862
834
734
1135
2013
2226
2349
1699
1127
2229
2356
1106
113
1458
1175
2716
1474
1405
558
978
3011
829
3263
3252
1839
1803
643
369
3123
2037
1530
1751
571
209
328
2792
1465
1342
2418
3078
1429
2377
1123
1316
2764
3298
883
436
2785
3074
2258
2435
541
661
1163
1205
3097
255
2318
2194
2830
1150
2462
1602
2137
509
1397
634
2853
2821
1098
2868
284
1830
884
1250
1210
3079
2962
851
979
2228
1382
1282
757
1622
2768
881
1491
604
478
3110
2237
1146
2348
282
37
1808
2285
2239
1937
1799
1580
2737
2974
1559
2219
256
3247
19
3109
2449
2066
1471
2830
1124
1801
2419
1577
2201
899
1018
752
1830
1324
1836
2588
338
9
104
2980
1128
306
779
2982
422
1595
1904
3433
1228
596
747
408
419
3145
1490
3011
1921
2447
1151
58
1286
2835
2317
1326
2847
1359
3226
2005
40
2397
3227
2962
1277
3022
2610
1750
1163
3003
2439
3352
3314
2318
1141
2719
1524
2301
1079
525
3385
440
1714
2634
1308
1778
2751
2776
3430
924
2448
2050
1856
2703
2311
3016
2010
2535
479
884
948
2995
2570
3481
2298
852
1363
1698
1164
157
402
884
719
2840
595
2081
3348
416
642
1218
459
2564
1315
2456
3137
485
1058
1123
658
1399
572
875
1441
2690
647
2839
3411
3435
416
109
3265
3333
1651
3348
756
3392
520
2222
2552
1267
2321
2772
405
221
354
86
3067
2407
1138
405
323
3197
1435
1125
2952
527
3231
3284
2151
3194
357
1033
3189
2620
2372
1230
2491
572
3320
1615
2520
1503
3079
112
1285
2059
284
2143
2765
2174
1141
2051
453
1
2142
1655
2515
1064
1747
2799
44
3212
1095
1322
757
1110
550
2809
2126
315
248
2184
2542
596
3452
1786
242
2588
1114
988
1842
2221
976
197
2861
2070
3027
2830
2940
1507
800
1210
3055
928
172
945
1063
1216
1293
1411
1893
2393
2530
936
1365
3015
270
627
1904
753
1885
3364
2601
3129
3344
2500
753
2114
2492
1594
546
2143
2730
2483
276
1124
1288
2839
1109
447
3186
906
1561
116
3098
3088
2764
696
3166
3098
165
2441
10
3193
2601
2670
1459
1166
1627
1540
2434
205
3425
1784
3664
1667
397
2417
2545
2650
365
3529
3695
1246
1852
2992
3235
2929
2881
2959
427
921
1817
704
3404
1327
672
102
859
3163
3053
3507
2507
2353
3126
1635
3419
3194
183
3014
890
2218
430
389
358
65
122
2109
97
3314
2599
7
3679
2817
3614
2981
467
3176
454
421
2334
2970
3111
3240
2399
3433
1011
351
3533
1756
3478
2009
2859
1520
3341
3428
3554
1222
423
19
151
3036
1681
723
220
770
1487
2202
2577
2790
2099
1461
3645
2423
3164
3671
1575
3760
1795
579
1456
3495
1468
1231
3516
1649
2850
3069
1729
2203
203
1372
2653
33
1940
1166
1617
2350
1992
2475
2061
1741
1942
2327
3636
2991
2963
2128
1870
3512
2301
793
3206
2372
721
3050
1966
2371
913
2438
3366
1445
1296
560
3293
3624
3329
2481
2592
3828
1402
2084
3694
3384
1298
991
2315
1487
1336
321
3215
1197
3584
2581
1983
3829
889
3650
2223
142
1717
3719
898
2108
2785
3439
3457
698
2304
2174
124
634
3185
3672
452
973
1185
3549
2495
3074
3628
1592
2771
487
1089
2326
1549
1834
894
3553
1598
2126
660
636
1807
1135
949
2263
1661
764
1184
2458
1442
739
3045
1771
2052
3912
2237
2445
1933
741
262
1670
706
1994
2133
1157
2467
450
1811
992
1728
485
1723
1533
1155
1361
3675
1146
1542
2359
158
709
3745
3064
3807
1766
2643
1178
2650
396
86
3030
657
3272
3427
3418
2482
2134
681
3832
1133
2141
2552
309
1398
3006
865
973
969
161
3619
3571
1034
330
1159
3160
99
3850
1497
1157
3926
1657
552
223
1506
784
3856
738
1556
2576
228
566
2333
1042
2793
217
3035
338
3768
1500
2207
186
1127
1676
3659
1421
101
399
1819
2909
910
2003
3101
1631
1014
2902
3861
2023
779
3778
2935
2728
2413
1036
1465
1938
3258
2326
1439
108
71
1183
2113
3236
2711
394
2440
3360
658
352
1997
1767
742
3785
1852
1480
2075
1198
1091
2883
614
3950
469
2405
1993
1674
3804
3228
2469
1091
383
2465
1162
889
1206
2332
909
3593
3039
2727
2845
1623
1703
1497
3996
2477
2497
3310
2053
1662
256
1201
767
2105
2738
3588
2495
317
2305
169
2260
1474
3265
2169
3318
1509
1847
3336
4042
58
1193
1863
2382
3291
2239
305
1175
1139
840
3029
1084
489
1991
1370
2534
2713
419
3151
652
3100
2766
3831
1384
1675
20
3546
881
3908
2602
1239
2428
1492
3784
3543
312
6
2388
1105
821
2451
3655
3924
3500
3480
458
3236
2829
255
3689
2330
3742
3119
1597
3689
747
1637
1012
2846
307
824
1638
1947
1572
3628
1164
1648
2044
3474
1479
2306
1202
2927
4151
2527
159
3673
2474
2093
2180
239
1569
417
89
1094
3207
191
877
1170
520
369
853
2364
2564
1561
1203
3518
343
694
3475
1535
764
2546
2871
4149
461
1350
205
600
1277
894
3965
2564
409
3855
1650
1428
2822
291
3013
1150
1551
1124
3310
3080
3953
2460
4037
3090
3110
749
3575
3084
3718
2901
1597
3222
3660
199
1133
2668
2580
297
3849
3399
1866
2425
3705
614
3002
547
1437
2613
83
2984
3313
3795
2583
2692
3531
169
1685
760
561
1175
676
348
819
3249
3329
771
1480
1172
1633
1120
265
3407
165
2086
28
3198
3621
2340
3672
398
875
873
1439
3204
1529
1501
4080
2045
4251
19
3256
1086
808
3640
1735
2135
880
2298
2627
1930
4158
787
3670
4080
1995
3409
1003
874
555
3960
3026
26
913
1810
1411
3210
439
143
4147
3385
2021
2219
790
1252
41
307
439
1421
3922
4259
4081
819
3556
2558
1881
67
789
38
392
4007
2385
3961
3934
1042
2728
1979
573
1264
359
2423
752
1745
2708
1757
1745
750
855
314
3898
323
2515
2665
4329
811
3517
3091
4052
1526
1595
3612
3640
3441
4091
4314
3600
1054
2298
1443
4092
2132
1567
1095
2741
2088
2584
3735
2947
1795
4334
2490
3752
2623
3394
3628
2808
1226
1182
3080
1081
2639
1146
2131
1833
122
3699
1534
2122
2940
2179
2768
2519
742
1220
1893
2112
55
2283
3542
349
2016
1532
3173
4006
737
2887
3228
3963
4106
1413
953
450
76
810
1650
3297
1
1834
691
2582
1296
3611
15
1927
608
2234
3987
1868
2940
529
2282
3950
3339
1396
2683
17
1677
2572
3253
2070
3141
3662
1759
28
4394
3396
2993
131
3086
1128
3356
1423
80
3991
563
4299
4444
3604
2632
197
711
4331
1425
644
2703
4351
1411
2145
3768
4076
385
3401
3423
2991
104
3599
2295
2199
3225
2536
1468
3895
452
3049
3967
750
1784
3176
1208
2780
522
915
1490
308
4025
2899
4339
1752
3478
1857
220
4436
2564
396
2848
2140
2858
3092
141
750
1674
3867
3986
2069
3874
3884
1795
3324
3398
53
3262
1808
4528
4018
769
332
1613
2828
927
3855
1393
4161
2979
750
2422
2206
199
4515
3402
2593
343
748
379
871
2108
2213
3705
4483
4536
4141
1286
3430
743
2422
34
3348
1739
1264
889
1999
1568
2788
3570
1711
3211
2386
3287
2402
635
859
2091
3383
2853
2425
4432
871
2094
4128
1144
191
2581
1970
237
1043
2275
4332
101
1450
1283
2355
2688
1335
4535
1613
42
4567
232
775
