3533
1
1
4
3
1
4
5
3
2
6
1
11
10
10
11
10
6
11
6
14
5
11
18
19
7
6
25
16
16
13
6
23
2
34
9
4
18
16
23
25
11
35
7
8
23
35
36
25
9
3
4
20
25
48
23
33
54
20
7
21
21
41
38
1
6
32
42
43
67
37
5
4
53
25
20
50
78
32
7
7
28
42
73
20
14
85
3
4
13
81
18
85
8
90
81
28
62
44
46
63
48
75
34
82
64
33
71
21
26
72
24
59
41
2
58
114
73
25
26
89
71
116
102
5
97
59
111
106
15
39
121
14
126
42
121
86
85
4
72
2
102
1
16
68
136
17
140
59
122
24
48
115
145
87
104
72
34
96
137
64
50
5
78
111
39
73
48
36
116
92
61
18
92
165
108
144
95
173
99
119
41
49
117
102
150
100
39
54
179
37
180
51
70
91
136
177
49
47
69
105
23
131
115
184
96
6
6
1
128
50
210
25
75
55
60
83
56
183
121
194
39
13
135
168
60
136
1
74
94
174
85
62
167
6
75
103
31
126
59
208
45
102
15
126
85
162
140
82
226
86
242
163
217
27
35
255
13
143
238
196
119
247
202
97
261
239
268
18
254
230
133
153
209
98
168
85
12
252
73
129
100
155
154
237
64
217
187
236
61
104
128
251
20
253
76
156
198
283
153
41
46
82
33
78
97
298
298
236
149
172
240
211
144
85
117
300
177
89
157
11
195
143
186
198
266
149
229
115
51
47
184
23
299
205
4
162
299
326
30
270
26
175
40
71
330
255
80
4
211
231
119
346
19
31
126
143
244
50
162
90
213
45
255
74
92
50
93
149
194
342
353
122
274
36
208
161
271
201
192
321
309
47
125
234
317
147
226
123
269
298
379
18
364
229
152
211
123
285
172
248
383
2
278
299
266
24
357
92
3
121
221
63
70
174
182
312
395
223
263
379
294
249
259
382
291
104
386
26
169
68
20
41
240
324
294
241
304
243
210
108
329
71
210
160
157
273
433
406
173
286
204
198
164
98
444
120
185
172
431
141
442
460
222
116
87
362
370
204
321
426
423
424
1
404
447
237
151
433
283
187
305
343
3
13
103
131
452
344
389
374
490
126
86
204
221
392
119
116
172
92
216
463
379
450
417
305
121
46
34
4
218
460
455
366
489
200
14
515
485
189
371
456
363
419
482
446
410
177
233
36
25
436
469
158
216
100
484
38
62
479
208
282
171
530
218
298
362
385
371
175
218
62
345
496
428
502
157
408
137
494
13
524
477
34
62
283
515
57
163
224
515
18
523
182
120
499
342
416
546
257
206
441
234
443
85
395
116
513
414
84
83
463
79
172
332
162
8
24
30
64
201
543
331
343
403
286
280
315
73
445
235
305
98
374
128
206
148
183
588
601
77
75
214
624
31
358
32
197
250
82
280
480
278
169
308
241
82
404
314
110
197
118
500
644
535
267
298
174
369
516
283
270
400
245
293
142
344
400
489
333
295
196
317
142
191
551
20
520
364
145
436
164
216
6
136
511
194
3
350
566
536
187
288
52
224
14
577
91
580
476
502
454
288
273
478
694
669
6
237
574
343
664
606
121
151
470
177
95
133
191
637
272
203
252
588
236
83
348
657
594
94
361
249
451
51
291
569
444
549
330
387
37
658
460
465
625
113
454
432
411
349
685
314
644
445
629
483
275
20
496
132
81
37
459
187
657
264
545
167
295
109
125
763
744
181
606
199
715
263
437
253
505
342
750
540
595
513
624
516
315
277
552
698
85
730
683
305
611
343
344
513
477
498
233
773
526
23
303
62
586
42
131
19
429
606
423
755
611
236
695
536
782
85
707
419
803
550
306
754
592
786
272
715
304
749
179
386
790
568
638
505
806
565
167
440
289
782
367
654
45
52
456
655
715
683
543
20
748
486
78
671
108
220
448
569
636
247
127
564
50
137
88
551
278
599
766
305
489
508
354
591
299
559
299
180
307
364
849
343
58
667
434
697
235
98
337
485
45
299
243
132
23
260
844
285
494
357
857
531
246
106
299
143
214
778
18
786
712
14
180
742
104
153
539
819
526
873
265
280
701
708
898
681
399
46
921
132
489
751
809
481
561
825
180
37
913
647
597
422
186
14
572
533
403
744
132
823
466
566
418
55
925
428
944
485
735
38
936
615
459
201
529
924
64
398
933
639
858
814
756
234
731
51
564
325
716
960
444
463
38
168
415
55
52
952
558
239
77
777
5
227
818
918
42
553
450
970
661
723
767
308
719
232
760
287
67
633
893
561
85
653
658
54
965
354
779
539
176
40
889
3
986
846
553
714
397
36
738
943
1000
759
506
985
111
630
789
984
349
644
912
805
325
523
335
752
1009
464
630
232
734
313
580
1030
231
323
312
236
352
242
702
378
963
812
1010
429
255
940
1047
289
69
606
460
126
810
128
960
128
813
375
209
727
38
563
312
471
82
222
788
350
454
88
97
4
682
246
1077
982
953
232
1015
149
324
68
114
615
862
861
970
802
327
1078
86
275
177
707
291
710
466
865
600
722
82
1016
751
57
678
659
1038
755
326
112
475
978
232
842
187
901
413
173
694
927
183
1096
136
782
1044
745
5
292
821
845
292
467
514
75
632
56
918
926
1059
371
444
173
184
587
812
748
844
496
457
1092
926
248
756
663
92
826
250
499
517
282
425
282
333
1128
715
14
924
807
492
663
323
599
1101
488
862
1061
415
334
920
15
211
698
977
1027
265
987
257
291
419
316
739
1071
822
979
163
585
732
1024
123
675
145
1026
129
471
49
1031
965
580
954
762
189
695
807
357
1130
366
76
108
470
416
597
34
976
976
995
352
605
721
1176
1032
750
856
249
657
1053
428
343
1204
557
649
940
158
1114
622
153
321
390
712
841
1010
521
604
222
465
29
743
509
1101
478
646
424
452
444
5
926
88
778
427
937
1010
625
853
1158
997
142
332
122
259
230
202
1084
199
552
298
761
24
734
143
592
202
592
1276
80
607
74
309
144
1318
152
856
349
595
25
961
638
253
479
1319
787
10
440
506
258
198
963
632
1013
468
351
282
1238
66
1055
1214
616
131
171
172
1297
10
221
849
349
148
589
1095
202
23
90
37
949
217
1004
67
912
355
1162
102
861
133
766
1070
624
609
973
983
787
1186
295
920
598
292
319
583
1314
1239
790
648
946
1005
975
1179
210
1116
1094
526
66
420
750
225
1025
1159
26
327
64
367
1028
828
710
1191
1332
1239
50
364
984
540
254
833
1379
657
1142
955
298
432
548
361
415
1069
554
776
1348
549
361
574
288
1373
1428
820
858
664
869
1015
1182
1387
279
169
77
826
1132
93
1320
132
238
765
680
256
122
331
428
86
437
912
561
887
161
88
898
373
551
841
1358
1052
53
322
400
852
218
1127
503
1050
88
1153
1033
489
912
538
1184
692
797
1452
1133
692
1470
404
533
570
354
194
1072
567
1214
360
1197
728
263
421
802
1397
644
1187
147
862
386
1476
711
1378
145
1020
722
147
301
284
1166
770
314
174
59
3
1335
1268
264
1193
958
1467
992
1053
1110
107
850
69
1199
368
1117
946
571
1399
270
1254
963
1345
694
1031
1250
1453
381
211
303
1440
901
129
464
1374
1437
955
340
1302
1032
1263
909
1227
1008
1114
11
81
108
1288
628
1498
761
1083
930
339
451
1462
159
1317
353
456
991
1537
92
957
1138
768
1184
1231
1421
352
1113
1228
462
422
1592
315
340
171
988
842
1484
1305
32
1285
805
1102
725
667
602
867
481
1216
1425
1329
1221
652
911
1627
1234
1428
1630
1538
1078
680
1498
1226
1245
784
1031
789
593
1153
91
652
631
1557
340
484
1120
142
305
1538
1216
390
1236
1341
1159
1077
816
434
609
945
1452
895
811
1174
928
1191
1175
1637
1512
576
1462
418
75
579
1140
1337
1173
62
1069
581
1230
1575
1166
625
150
325
1447
1538
1303
72
818
1019
41
265
369
838
247
1484
1227
171
1347
324
1075
305
1037
590
1114
237
389
260
602
1012
562
14
440
746
937
1128
1279
601
1302
921
449
997
1549
1493
1158
1364
83
415
118
44
871
310
657
975
1098
390
1729
339
157
1134
53
398
1586
747
1736
808
856
1406
377
857
241
328
408
83
262
1728
593
928
1472
156
1178
882
975
1734
1569
1404
768
1046
598
394
1148
938
329
1497
723
803
693
798
441
1009
908
72
1120
981
215
1581
28
1499
492
1600
20
1636
1330
1332
457
462
1580
1032
483
1645
649
1805
157
337
1184
720
1331
1637
1340
1648
541
408
1598
327
1799
344
1763
934
57
1262
1447
1723
1758
651
1444
92
405
244
453
276
1458
895
1812
728
789
1293
1168
1784
219
501
1796
278
1084
1598
87
301
242
267
1599
1425
915
466
1757
881
1162
1226
33
280
712
1107
1021
283
1309
1136
183
1566
288
534
1059
160
502
1197
1665
1698
1118
963
270
21
1034
1101
693
1770
1407
162
712
733
1685
1797
1606
1489
1295
1064
1163
220
1148
1794
361
458
1078
1857
1819
99
1286
1338
346
1606
1128
443
669
412
1542
962
1694
143
1873
1569
1736
1270
1530
403
522
1819
1235
75
1411
1724
1626
689
793
66
589
646
105
1097
1791
437
1755
1780
1856
1413
1185
1554
487
1512
1232
1818
641
1406
49
1562
1812
1331
555
228
331
1174
209
780
724
499
434
544
1141
991
1111
1863
1316
1424
1678
841
269
34
1211
513
1600
807
751
1342
342
974
750
881
1126
1674
1319
238
1000
201
527
967
1282
1003
1518
1887
1566
1537
404
469
870
1391
451
1080
603
501
211
586
1715
1115
160
423
1012
1652
1073
79
1441
396
1193
1550
76
25
598
10
1103
1788
259
1732
616
516
1291
920
1508
1422
602
1851
153
1923
1025
1713
1634
1810
1462
1742
1217
17
1349
811
1905
150
1796
648
216
844
1975
1820
1546
1039
1185
628
410
221
969
1298
472
358
1084
287
1458
1859
329
1918
1138
510
1213
1267
434
1050
1123
583
1367
519
798
857
1671
708
700
417
600
1219
630
1271
1424
2009
632
2080
1117
26
344
1704
1349
851
1925
314
286
1021
1304
1089
2088
1049
897
222
637
1665
102
5
1764
1708
832
112
1793
994
92
1655
969
1366
803
92
903
794
476
431
2109
1431
1188
1905
1041
409
1972
1216
1610
916
910
626
1257
1601
248
154
2056
1850
1790
471
367
203
646
2120
412
133
1952
1219
70
848
1209
1062
1248
550
519
1464
1237
1844
790
951
704
587
2091
897
848
1127
251
1656
1224
2098
823
1321
639
1309
362
1619
168
1480
952
166
484
214
1569
854
2137
1128
1820
619
145
1658
1625
564
1334
266
2040
2124
1311
1384
1236
31
1947
1098
727
2057
1452
404
1782
1934
383
2159
825
898
156
2036
1423
1957
1253
913
2098
1448
923
284
567
1457
1496
1673
1802
200
1187
516
247
1083
1511
51
2087
865
1682
612
369
1061
402
2210
1084
777
604
2230
27
1351
512
1399
2219
1616
1143
2207
2106
1405
2184
432
995
734
1712
219
2021
1892
435
601
82
1934
1934
89
517
2063
2119
1151
404
765
1445
403
1105
2143
940
547
592
1666
1153
2037
424
426
1383
1983
1544
2284
305
2191
483
1056
241
2303
1327
202
2031
2277
983
264
345
831
1109
618
1674
680
1083
1421
1959
673
123
1443
2046
11
1200
979
423
1692
387
28
2122
1550
1300
1300
1305
24
2050
2067
644
343
577
1020
300
1681
557
1595
1791
1705
2224
1099
523
62
872
235
662
1979
1903
2304
1957
1784
787
1577
1939
2053
429
668
124
1352
379
1528
1380
538
239
1431
2003
1309
150
2152
209
1737
1359
1517
359
1564
794
720
73
2241
1797
1161
245
2110
1864
123
2121
2361
463
1981
1990
694
50
957
390
158
527
1040
270
1080
702
1231
1243
465
298
119
1575
1324
1202
1929
721
702
440
1901
651
1096
2190
1162
1354
2029
1791
986
2116
1553
1269
745
1938
1296
320
362
1504
2191
126
699
1353
2260
782
79
1112
388
751
2162
2177
173
1752
2346
825
1997
1664
1444
901
145
557
1232
1073
1900
299
1308
1585
790
815
1956
1146
2427
1716
801
991
1691
952
1356
2214
1442
1164
302
780
920
1073
1695
2218
1694
1075
1676
2251
1317
2190
671
2192
2311
2230
1668
1621
1225
1363
798
856
590
1944
791
1027
1830
2196
1919
1970
1953
2367
1058
1887
1254
1390
1172
336
369
1456
217
1892
1639
879
326
2306
200
2456
1677
1940
1842
220
769
1097
67
1410
2038
788
2361
93
1384
1393
1837
267
1634
2524
2327
2543
1806
469
573
156
2280
1437
1407
130
623
1415
2205
678
2348
2547
859
1208
1448
1545
2359
1185
2398
829
2009
1797
1078
1180
548
1513
2057
751
412
778
703
1614
498
311
1706
79
2466
2413
460
1724
1576
731
1574
1329
1225
1106
2122
1564
2007
2451
2290
352
2151
725
100
1666
2347
2345
1650
1867
2311
1638
27
1777
1647
668
2063
2088
612
1950
2201
1903
31
43
635
1388
13
2415
158
1562
162
2476
1475
999
1624
1022
2325
1079
2047
1629
1080
1328
738
2115
1232
174
738
849
809
1697
2246
1319
1082
1167
2010
2170
242
2253
1035
549
2193
1964
2258
1576
1527
2427
2093
2148
1506
1657
2402
861
1125
1204
2285
41
394
1028
783
1290
2228
2395
1153
2162
1665
141
361
2201
1501
2126
1549
731
1034
2468
2469
690
612
2598
514
2098
2300
2119
571
2075
88
429
771
2098
2112
2116
2704
2189
1438
577
2543
2571
1342
1017
1973
1614
970
1531
1894
2627
2383
484
1453
2038
571
1214
1505
1599
1734
1123
1996
728
2621
951
54
344
1144
2408
479
1201
1518
1008
16
851
2251
834
2552
2042
435
2510
1137
1188
1079
284
2583
2587
1286
1524
1046
1529
1501
159
807
1055
795
2188
216
285
184
489
786
1470
2262
2780
2470
1144
1527
2375
1414
1293
2624
320
1480
1272
390
2670
1936
2180
962
113
901
220
2666
913
1961
952
2199
410
1174
330
2411
2720
670
2583
106
718
1966
469
1587
1427
2257
2125
765
803
2160
1925
1186
2497
2725
1786
1432
1312
2389
1055
2552
427
650
2775
1478
1964
2682
2628
1523
1570
1341
2179
1340
1928
2724
632
1129
1802
2762
551
1304
718
82
983
2219
2753
1624
1891
1372
2073
1540
2707
2076
1203
307
394
1140
1993
1898
1376
1742
1050
2108
1013
1461
1215
2680
1600
2323
1449
362
1194
1719
2872
1218
446
1339
1366
1260
978
2151
1790
525
2023
564
1438
235
351
2506
1004
1557
896
258
2156
492
750
2675
2662
1923
2668
1655
759
839
2711
2365
2190
2798
96
2073
1535
2830
2160
2469
1594
701
1908
2032
1285
2609
2772
769
2001
1985
2580
1465
1669
1702
2203
2641
1004
2933
1195
588
1176
2659
2197
2448
1163
2302
575
171
31
536
1121
2805
351
699
1127
1830
989
2725
2719
2501
2685
496
2373
826
693
2023
227
1462
2040
1118
1151
555
2266
1854
1219
677
1188
2273
2547
1994
377
730
1613
1983
1766
210
107
1621
2040
1429
2649
1454
899
2951
1991
2177
535
2849
1906
2083
2507
1875
10
1519
2466
2607
543
212
109
2212
709
1671
2393
2513
405
682
206
247
1717
881
2190
1470
843
1605
2305
259
887
1143
1417
586
2186
2076
1338
778
1069
1739
710
564
1522
2867
459
668
2822
6
2181
1265
2559
200
1908
2581
1200
2348
2898
1282
1176
790
2623
631
444
1990
3002
1222
862
2801
938
2696
2230
1728
505
2489
1891
2799
34
885
136
2109
857
1497
1417
2754
658
279
2392
136
2906
2053
1907
1909
738
2093
1816
2560
2903
2892
1554
2202
1250
1691
1752
1526
1139
149
359
1808
1857
670
2068
3074
1055
1421
582
1685
1442
2647
1798
408
2738
3066
2901
2013
811
2271
819
1015
1384
2484
2790
1236
1203
929
1254
1725
2191
2279
947
2095
19
2877
2383
840
1023
1416
2640
2730
8
1314
814
1995
275
1669
2903
2633
3145
247
618
1093
547
124
1972
1194
83
2036
302
1798
1151
2230
2550
2327
728
582
1898
1001
2930
246
3105
3094
6
2621
3005
892
2881
908
1308
371
1540
1927
632
317
2995
3004
3035
2914
2369
823
2632
2965
1497
975
1151
1051
2461
2960
657
648
1907
178
2309
2822
684
1839
933
2515
1282
1753
3001
281
2754
106
493
2332
48
1946
2390
1871
701
2866
1701
869
1648
1592
299
1372
2242
2254
3088
2978
869
3002
3178
930
2232
2420
14
1735
3079
2843
3005
2538
392
562
195
1142
1340
2191
1777
386
1259
1929
2676
2665
3111
2442
1826
3260
2759
2078
2201
155
2168
2212
2132
2313
7
966
1457
2878
2131
2364
2168
306
2453
1464
386
2421
883
1195
2444
1773
2221
81
15
1203
3269
1578
2431
731
1560
1633
3307
745
666
3102
526
1963
3289
3268
2302
1583
2228
1303
1853
2743
2676
1041
2183
2225
2437
647
2878
2581
347
2523
2071
2295
2333
3287
2479
406
637
267
3237
1572
3335
2716
601
2234
424
620
2702
1071
1266
1553
78
735
2053
302
354
806
1061
1001
1836
1843
115
419
2589
2831
3347
1174
1494
3075
2926
1631
502
752
2010
2064
610
1004
1658
2262
1929
118
3216
1094
836
281
939
748
354
1568
3366
1387
701
1090
1736
3040
3110
3309
2667
1918
44
384
456
3121
2069
3173
1830
1431
493
582
2352
803
552
2521
2213
1645
1137
1221
2351
875
3401
2993
1055
2455
614
3003
1678
135
1018
900
460
2687
2452
2298
513
2771
3163
3034
761
2477
916
533
2040
2618
161
2542
2343
3399
398
600
1735
1724
1504
2644
2887
3235
2754
2666
735
377
2911
2407
1058
1133
1711
3160
1615
974
626
492
1875
1177
2858
3349
2097
1188
2980
2952
1764
3290
2659
1123
889
3103
1595
117
3077
1828
910
1975
835
3070
2611
260
1705
980
655
1282
2816
2377
1455
2985
1885
2903
2823
1401
1926
2052
2131
3248
215
1940
815
745
1566
2838
3276
15
2561
1915
1159
2860
797
3022
3294
3484
2184
883
113
2992
3339
2352
1545
