1509
2
2
2
2
3
4
7
1
5
1
1
2
8
15
3
14
4
16
7
15
20
7
8
10
14
11
20
12
25
27
16
20
7
19
27
34
28
1
11
23
28
39
35
45
4
7
26
37
9
39
12
23
26
33
56
5
38
40
50
42
29
1
8
26
28
51
49
47
60
50
54
40
5
39
36
13
45
49
74
75
49
60
75
5
84
44
53
82
86
40
12
9
88
90
62
6
77
26
53
77
84
13
90
59
9
59
18
32
89
61
33
39
58
66
85
23
69
93
99
30
68
47
97
56
50
73
4
110
9
11
94
53
26
74
129
93
26
103
95
126
66
140
56
134
85
29
29
99
130
19
97
86
98
141
89
124
41
75
100
124
78
140
118
39
138
147
141
118
6
91
132
66
100
167
174
9
38
140
26
79
41
109
170
42
5
64
151
155
38
131
164
27
40
120
171
32
103
164
88
171
58
151
29
13
149
177
75
124
36
181
36
6
95
138
102
5
214
151
196
114
173
22
206
214
36
109
199
212
9
27
58
61
230
201
38
68
27
222
81
116
2
193
126
54
55
76
2
113
250
95
73
161
42
37
243
234
97
251
130
76
185
238
43
146
211
134
178
131
219
174
122
225
86
126
105
60
160
208
250
57
58
179
93
218
49
239
184
121
58
220
138
205
49
271
50
114
255
235
166
152
154
186
33
165
262
123
68
23
105
254
17
175
299
165
192
37
310
259
260
89
92
2
133
162
51
133
217
69
317
174
68
150
108
311
164
275
162
198
167
116
139
302
75
35
232
123
335
309
301
126
88
251
8
22
144
322
29
285
316
158
234
22
275
77
363
302
114
28
63
162
274
247
277
320
264
90
169
235
191
2
10
64
44
354
235
259
360
112
142
39
143
284
390
270
351
122
347
334
177
27
97
241
65
148
373
66
182
23
68
229
24
42
332
216
276
210
376
192
82
191
72
167
135
197
159
223
272
343
87
365
121
218
276
107
34
140
329
338
189
115
377
186
300
339
425
42
155
55
96
281
264
26
119
159
18
162
108
349
285
51
190
198
352
375
10
64
364
37
57
432
225
104
85
139
236
184
389
88
426
205
295
408
54
368
46
262
102
39
435
229
104
305
254
428
403
340
299
37
25
154
240
468
324
54
12
355
24
218
497
14
45
64
56
420
504
471
202
458
219
157
488
253
444
306
518
478
336
170
67
264
479
388
529
521
437
17
249
125
294
244
461
390
169
239
136
199
75
352
219
137
165
375
396
471
211
261
221
255
467
362
544
71
447
522
475
413
207
200
542
179
559
382
341
274
331
516
95
348
371
3
462
166
236
535
8
530
552
557
2
236
522
480
566
72
157
562
564
295
76
145
188
387
314
324
176
103
286
508
219
478
501
47
343
58
41
234
223
277
62
346
477
98
234
607
362
9
440
303
368
494
228
309
414
513
121
118
484
266
539
466
128
531
550
372
34
484
285
361
226
552
527
616
229
3
145
539
353
525
435
627
363
418
431
147
218
409
490
389
548
349
625
178
326
560
302
431
84
323
579
114
506
51
322
602
500
191
66
539
253
186
662
682
229
249
586
531
622
584
502
126
699
102
96
616
498
668
387
520
338
146
471
160
596
592
11
688
108
280
106
287
651
643
9
139
558
613
531
345
272
61
319
521
394
135
195
45
179
649
204
181
149
327
591
88
523
135
565
703
439
312
302
603
128
259
93
484
5
339
312
704
221
740
401
512
285
98
652
505
112
620
476
25
25
206
44
104
703
288
7
617
559
644
580
171
397
549
421
230
104
664
749
691
728
757
566
53
344
468
654
380
526
172
361
262
771
211
604
45
29
432
429
658
411
476
68
339
630
524
445
428
19
559
252
556
33
322
827
469
252
168
307
150
186
2
437
568
701
283
400
684
209
336
803
110
761
223
632
39
715
248
256
816
400
38
39
72
261
823
471
202
716
523
62
70
856
627
330
179
812
509
544
834
114
195
673
300
614
747
67
385
871
190
543
870
815
99
879
504
590
479
733
576
569
214
769
321
281
486
621
67
88
213
152
29
597
572
895
713
301
505
888
61
402
174
120
570
900
800
834
797
595
137
624
670
486
93
125
894
315
199
147
870
890
710
68
749
32
151
591
741
362
275
559
317
19
69
228
197
394
14
815
246
712
309
911
853
13
270
106
22
659
363
365
449
373
684
595
577
742
186
126
165
965
679
645
359
28
569
290
685
256
491
376
294
648
65
146
158
479
164
38
597
397
942
849
852
726
975
846
845
811
24
219
953
960
27
424
813
550
409
826
881
305
214
542
524
772
234
987
261
870
346
941
505
891
698
816
398
734
462
598
758
983
400
1023
800
451
494
45
614
633
160
779
713
52
269
407
984
410
782
770
62
645
504
1039
435
25
290
58
950
166
561
395
721
232
192
608
989
198
151
473
802
815
8
293
136
182
182
73
1000
493
89
1073
90
1045
585
801
513
767
1073
884
636
1036
922
116
1078
660
447
311
1037
121
956
742
414
661
951
327
170
16
779
844
327
561
223
543
885
35
286
150
871
518
185
876
621
356
305
446
757
1021
313
813
1119
722
891
604
498
1122
361
656
561
1011
1009
713
328
597
678
1039
1072
539
160
240
263
384
767
407
645
1026
848
348
642
675
886
580
30
416
573
87
708
563
398
995
50
341
1106
878
677
934
898
183
665
1033
271
836
319
121
76
847
737
537
326
566
527
677
997
355
249
835
430
730
1183
946
564
973
384
923
85
72
168
896
833
228
1086
330
238
1050
360
674
1163
675
152
802
1175
1138
323
1163
540
560
646
103
322
691
680
507
765
1031
557
610
1038
599
405
470
447
1193
645
1003
822
543
678
1237
403
633
184
601
984
21
1051
1188
288
808
710
629
36
1226
192
956
269
161
475
750
1002
110
336
215
568
938
1013
574
36
1050
462
60
801
160
765
1055
720
666
44
848
1243
759
828
592
955
805
617
1297
312
706
410
53
133
737
1301
75
1297
799
951
407
727
1241
678
819
719
749
266
456
888
1191
629
807
972
331
544
908
1116
67
509
492
836
1325
447
851
958
560
309
580
930
1026
796
937
1156
1271
986
620
1187
1307
227
1222
937
858
534
500
1126
19
26
343
1114
724
1113
704
690
1274
954
382
294
19
789
489
24
568
654
700
1078
1064
353
456
1130
1333
933
709
166
384
1283
1253
328
563
1379
809
348
14
916
330
1289
720
1101
1377
63
341
590
912
1301
1233
456
1265
913
332
942
155
1308
525
104
1206
380
500
35
510
894
1155
287
1325
742
118
1393
348
80
624
1162
206
957
1217
1079
21
850
1145
988
1115
466
1124
248
302
721
1275
999
25
1303
154
414
234
991
1163
943
323
48
168
1403
1382
1261
115
951
558
928
1439
1043
307
860
749
120
625
348
95
371
268
335
1117
914
3
116
619
633
171
103
1073
1176
288
1039
863
429
886
220
1267
879
740
15
231
437
1228
340
300
955
792
1343
1283
605
122
868
1314
1107
