1478
2
1
3
5
2
2
4
3
10
2
3
5
2
6
4
5
7
11
19
17
6
10
20
9
23
14
4
17
11
28
13
18
30
4
34
34
28
10
6
35
35
6
6
4
14
40
38
38
15
4
3
27
11
16
8
27
57
46
55
15
39
27
1
8
37
62
18
35
39
4
2
50
44
37
40
31
54
66
29
56
39
37
34
58
70
2
15
40
54
48
66
73
17
40
63
39
91
65
14
6
58
29
103
6
18
98
103
53
49
69
12
4
9
8
116
58
90
40
97
20
16
33
47
59
20
107
85
57
34
57
104
123
129
128
37
65
50
89
49
66
70
38
50
127
119
109
121
111
128
13
70
147
93
123
148
90
22
26
129
29
79
161
126
110
124
58
96
101
89
53
51
47
18
84
148
48
62
121
119
180
167
133
49
112
8
169
106
121
66
166
93
16
121
60
88
110
74
107
69
38
99
134
161
44
105
23
196
48
91
166
4
45
211
102
125
192
15
17
144
154
88
87
138
189
218
85
219
110
217
182
21
39
68
206
53
56
236
72
1
177
40
88
59
27
223
156
49
248
60
1
77
124
54
3
184
126
68
160
196
155
207
59
165
50
188
126
29
40
109
27
158
124
72
261
82
128
30
83
125
204
222
203
114
92
35
273
156
142
70
135
225
115
189
151
277
154
294
17
149
300
95
241
157
127
208
71
53
159
271
130
195
3
222
236
194
176
141
170
288
308
92
300
101
73
244
326
319
223
185
97
216
171
303
71
120
39
307
102
87
284
75
290
17
339
254
72
142
330
114
169
337
54
299
312
345
356
138
178
69
89
87
32
250
252
32
251
75
249
231
2
290
188
32
371
48
232
334
167
172
24
260
224
220
80
112
300
375
271
88
62
125
17
215
195
204
9
316
104
340
253
130
50
244
92
186
296
146
204
25
158
313
210
141
130
96
255
211
320
36
72
246
83
363
165
293
49
48
201
312
220
396
391
255
205
25
288
384
261
58
333
148
124
368
22
233
199
273
89
228
62
451
400
351
39
119
313
344
339
228
297
203
419
224
291
330
235
191
330
164
58
377
275
237
309
131
401
314
313
220
40
445
384
466
446
462
160
211
149
296
436
424
356
345
270
15
111
164
73
301
98
443
268
459
72
274
354
270
398
144
21
313
378
222
300
4
358
98
424
226
129
346
373
386
185
124
106
272
125
314
372
225
497
302
120
160
397
73
119
456
503
51
453
533
116
173
249
282
390
406
353
112
110
332
364
218
331
338
498
363
325
439
466
33
25
436
30
349
241
23
162
246
230
389
135
471
44
302
193
378
203
181
158
510
51
353
213
466
587
280
387
203
530
203
135
477
370
312
200
459
280
97
66
217
112
56
1
183
8
496
114
228
420
490
82
37
146
329
326
11
149
1
46
312
538
128
246
276
134
554
420
455
70
37
441
241
329
210
125
334
66
266
202
563
473
371
536
336
644
183
522
77
291
382
311
8
176
509
211
616
17
39
453
537
409
283
660
422
482
204
586
590
325
34
353
166
99
513
118
183
294
230
528
40
305
293
604
171
217
334
672
333
576
38
143
182
458
156
160
100
37
101
154
288
604
632
677
253
529
74
622
354
12
536
13
466
672
28
250
427
627
263
46
711
715
298
631
683
424
37
685
431
15
130
321
630
276
690
340
696
256
456
672
62
461
336
720
554
729
680
67
272
621
408
46
551
75
132
176
409
421
430
31
577
344
388
13
264
599
135
130
431
558
694
571
110
581
678
685
386
320
56
744
207
69
40
561
335
581
673
154
108
111
98
440
299
676
390
350
492
413
646
484
175
568
291
187
46
117
130
15
755
760
366
663
194
195
341
51
793
404
800
475
238
315
272
383
799
534
584
474
630
64
23
384
225
434
630
40
460
713
173
422
792
705
127
112
242
136
306
253
205
576
730
429
750
652
375
76
217
179
108
653
103
324
26
583
177
818
629
554
399
141
526
370
759
431
207
219
284
838
709
719
135
409
525
405
641
567
293
618
384
822
125
774
872
613
741
599
170
474
654
477
842
304
224
493
275
244
107
515
790
532
27
359
2
281
407
410
712
229
847
340
107
743
421
155
674
653
302
912
252
248
801
202
486
138
782
868
543
512
749
800
65
823
221
498
112
76
465
514
114
759
481
519
855
780
800
824
847
940
290
45
784
259
540
283
501
304
324
30
298
595
803
207
733
904
242
17
603
289
218
401
905
292
588
477
379
18
713
875
460
325
100
731
185
2
200
938
208
656
774
566
337
846
943
966
843
137
698
1000
47
672
258
293
679
817
350
317
257
283
667
173
599
8
574
170
695
486
166
596
585
818
374
924
858
435
25
110
394
680
802
592
28
343
249
523
276
1040
997
328
57
55
516
396
720
889
372
226
1007
850
704
234
106
296
795
138
524
523
595
768
280
247
239
658
941
655
197
723
692
618
371
42
916
448
420
91
369
18
388
120
822
202
201
463
661
710
1026
6
529
148
925
968
419
441
156
89
214
1042
990
534
817
686
546
1070
552
382
71
463
540
557
700
532
87
53
766
70
40
802
716
1002
1082
160
253
517
349
1103
648
523
635
1004
750
931
716
983
84
360
326
382
778
186
792
197
971
897
1065
6
200
105
365
614
265
1093
328
2
275
526
577
282
625
219
588
674
361
537
695
423
356
50
16
1120
847
859
1179
834
405
856
1002
428
802
475
1044
636
584
423
1116
897
405
1021
911
36
830
392
127
908
105
1141
299
591
716
708
184
729
677
636
70
399
594
61
152
891
1105
539
170
790
31
896
828
963
664
965
53
948
959
1139
882
765
567
920
1110
146
79
328
1021
933
1229
1029
394
531
874
1188
1249
653
1028
217
522
313
1104
107
82
678
634
853
723
663
625
86
1013
939
1228
880
684
1171
1054
357
714
1042
732
1212
92
339
21
751
697
731
410
439
1103
1030
398
1020
27
216
577
961
702
762
45
30
666
863
1277
433
1165
409
255
1093
582
577
232
432
989
457
933
857
343
59
1142
797
1309
957
763
541
200
262
620
1070
862
1252
642
729
343
1043
854
893
443
139
88
994
117
353
437
592
15
1198
1156
479
1262
127
910
300
492
647
616
665
1164
1284
294
53
1220
256
156
34
1292
966
546
802
240
476
922
59
749
1231
940
106
1089
109
1188
1113
1176
1232
508
712
230
1011
1169
555
915
623
762
1029
1080
753
1223
992
369
564
506
532
707
305
586
1293
401
1084
599
1245
971
1072
401
1089
947
687
159
911
12
368
1212
1040
334
1253
759
1222
1050
689
1348
683
738
1091
1043
363
788
1199
480
132
774
15
1328
1075
1249
75
1180
977
559
487
759
666
226
446
1237
515
546
806
1329
683
581
338
1021
906
557
1286
47
87
376
840
390
298
977
1445
708
146
487
1287
795
1418
164
438
22
